# This file was generated by Animated Java via MC-Build. It is not recommended to edit this file directly.
$data merge entity $(bone_wheel2) { transformation: [-1f,-6.994489882867852e-17f,-1.005251657768566e-16f,-0.3125f,0f,-0.8208502716607444f,0.5711434421530917f,1.5f,-1.2246467991473532e-16f,0.5711434421530917f,0.8208502716607444f,-0.015625000000000038f,0f,0f,0f,1f], start_interpolation: 0, interpolation_duration: 1 }
$data merge entity $(bone_wheel3) { transformation: [-1f,9.682500238931612e-17f,7.498344309864348e-17f,1.9135106236677394e-18f,0f,0.612286278385326f,-0.7906361446968175f,1.5f,-1.2246467991473532e-16f,-0.7906361446968175f,-0.612286278385326f,-0.015625f,0f,0f,0f,1f], start_interpolation: 0, interpolation_duration: 1 }
$data merge entity $(bone_wheel4) { transformation: [-1f,-6.153154343419554e-18f,-1.2231000170977282e-16f,0.3125f,0f,-0.9987369566060174f,0.050244318179769216f,1.5f,-1.2246467991473532e-16f,0.050244318179769216f,0.9987369566060174f,-0.015624999999999962f,0f,0f,0f,1f], start_interpolation: 0, interpolation_duration: 1 }