# This file was generated by Animated Java via MC-Build. It is not recommended to edit this file directly.
$data merge entity $(bone_wheel2) { transformation: [-1f,-1.1601692448359811e-16f,3.92131490699953e-17f,-0.3125f,0f,0.32019966162731184f,0.9473500813816164f,1.5f,-1.2246467991473532e-16f,0.9473500813816164f,-0.32019966162731184f,-0.015625000000000038f,0f,0f,0f,1f], start_interpolation: 0, interpolation_duration: 1 }
$data merge entity $(bone_wheel3) { transformation: [-1f,4.039563779883166e-17f,-1.1561051108547258e-16f,1.9135106236677394e-18f,0f,-0.9440314641410497f,-0.32985541485885295f,1.5f,-1.2246467991473532e-16f,-0.32985541485885295f,0.9440314641410497f,-0.015625f,0f,0f,0f,1f], start_interpolation: 0, interpolation_duration: 1 }
$data merge entity $(bone_wheel4) { transformation: [-1f,1.0085365596791588e-16f,6.947041028037652e-17f,0.3125f,0f,0.5672689491267566f,-0.8235325976284275f,1.5f,-1.2246467991473532e-16f,-0.8235325976284275f,-0.5672689491267566f,-0.015624999999999962f,0f,0f,0f,1f], start_interpolation: 0, interpolation_duration: 1 }