# This file was generated by Animated Java via MC-Build. It is not recommended to edit this file directly.
$data merge entity $(bone_wheel2) { transformation: [-1f,-1.2035811965436618e-16f,-2.2616826918996618e-17f,-0.3125f,0f,-0.18468040691196297f,0.9827986300879911f,1.5f,-1.2246467991473532e-16f,0.9827986300879911f,0.18468040691196297f,-0.015625000000000038f,0f,0f,0f,1f], start_interpolation: 0, interpolation_duration: 1 }
$data merge entity $(bone_wheel3) { transformation: [-1f,-1.0966809532862504e-16f,-5.4502354936371194e-17f,1.9135106236677394e-18f,0f,-0.44504550188934355f,0.8955079571104113f,1.5f,-1.2246467991473532e-16f,0.8955079571104113f,0.44504550188934355f,-0.015625f,0f,0f,0f,1f], start_interpolation: 0, interpolation_duration: 1 }
$data merge entity $(bone_wheel4) { transformation: [-1f,-1.1365107112570756e-16f,-4.5618328099547225e-17f,0.3125f,0f,-0.3725019175431519f,0.9280314226504807f,1.5f,-1.2246467991473532e-16f,0.9280314226504807f,0.3725019175431519f,-0.015624999999999962f,0f,0f,0f,1f], start_interpolation: 0, interpolation_duration: 1 }