# This file was generated by Animated Java via MC-Build. It is not recommended to edit this file directly.
$data merge entity $(bone_wheel2) { transformation: [-1f,-1.196808279436528e-16f,-2.5963382856252582e-17f,-0.3125f,0f,-0.21200710992205507f,0.9772681235681933f,1.5f,-1.2246467991473532e-16f,0.9772681235681933f,0.21200710992205507f,-0.015625000000000038f,0f,0f,0f,1f], start_interpolation: 0, interpolation_duration: 1 }
$data merge entity $(bone_wheel3) { transformation: [-1f,-9.135144360960358e-17f,-8.156293016475063e-17f,1.9135106236677394e-18f,0f,-0.6660118674342506f,0.7459411454241829f,1.5f,-1.2246467991473532e-16f,0.7459411454241829f,0.6660118674342506f,-0.015625f,0f,0f,0f,1f], start_interpolation: 0, interpolation_duration: 1 }
$data merge entity $(bone_wheel4) { transformation: [-1f,-1.0085365596791592e-16f,-6.947041028037647e-17f,0.3125f,0f,-0.5672689491267562f,0.8235325976284278f,1.5f,-1.2246467991473532e-16f,0.8235325976284278f,0.5672689491267562f,-0.015624999999999962f,0f,0f,0f,1f], start_interpolation: 0, interpolation_duration: 1 }