# This file was generated by Animated Java via MC-Build. It is not recommended to edit this file directly.
$data merge entity $(bone_wheel2) { transformation: [-1f,-7.194402017419323e-17f,9.910426725320082e-17f,-0.3125f,0f,0.8092477547175322f,0.587467506747933f,1.5f,-1.2246467991473532e-16f,0.587467506747933f,-0.8092477547175322f,-0.015625000000000038f,0f,0f,0f,1f], start_interpolation: 0, interpolation_duration: 1 }
$data merge entity $(bone_wheel3) { transformation: [-1f,-1.1466897548559098e-16f,-4.299562637877855e-17f,1.9135106236677394e-18f,0f,-0.3510859327661966f,0.9363432425204392f,1.5f,-1.2246467991473532e-16f,0.9363432425204392f,0.3510859327661966f,-0.015625f,0f,0f,0f,1f], start_interpolation: 0, interpolation_duration: 1 }
$data merge entity $(bone_wheel4) { transformation: [-1f,-1.1710730486868637e-16f,-3.5825646861028425e-17f,0.3125f,0f,-0.2925386069352538f,0.9562537129090694f,1.5f,-1.2246467991473532e-16f,0.9562537129090694f,0.2925386069352538f,-0.015624999999999962f,0f,0f,0f,1f], start_interpolation: 0, interpolation_duration: 1 }