# This file was generated by Animated Java via MC-Build. It is not recommended to edit this file directly.
$data merge entity $(bone_wheel2) { transformation: [-1f,-1.6159659616821662e-17f,1.2139383521286012e-16f,-0.3125f,0f,0.9912558894317876f,0.13195363453423997f,1.5f,-1.2246467991473532e-16f,0.13195363453423997f,-0.9912558894317876f,-0.015625000000000038f,0f,0f,0f,1f], start_interpolation: 0, interpolation_duration: 1 }
$data merge entity $(bone_wheel3) { transformation: [-1f,-1.2230390192266132e-16f,-6.2732289222229466e-18f,1.9135106236677394e-18f,0f,-0.05122480152310538f,0.9986871480643568f,1.5f,-1.2246467991473532e-16f,0.9986871480643568f,0.05122480152310538f,-0.015625f,0f,0f,0f,1f], start_interpolation: 0, interpolation_duration: 1 }
$data merge entity $(bone_wheel4) { transformation: [-1f,-1.2235455564562048e-16f,-5.192353934520855e-18f,0.3125f,0f,-0.0423987874555829f,0.999100767101245f,1.5f,-1.2246467991473532e-16f,0.999100767101245f,0.0423987874555829f,-0.015624999999999962f,0f,0f,0f,1f], start_interpolation: 0, interpolation_duration: 1 }