# This file was generated by Animated Java via MC-Build. It is not recommended to edit this file directly.
$data merge entity $(bone_wheel2) { transformation: [-1f,-5.687941565165798e-17f,-1.0845427562684883e-16f,-0.3125f,0f,-0.8855963670697455f,0.4644556756385567f,1.5f,-1.2246467991473532e-16f,0.4644556756385567f,0.8855963670697455f,-0.015625000000000038f,0f,0f,0f,1f], start_interpolation: 0, interpolation_duration: 1 }
$data merge entity $(bone_wheel3) { transformation: [-1f,6.875578819857447e-17f,1.0134218971292926e-16f,1.9135106236677394e-18f,0f,0.8275217783893907f,-0.5614336169942625f,1.5f,-1.2246467991473532e-16f,-0.5614336169942625f,-0.8275217783893907f,-0.015625f,0f,0f,0f,1f], start_interpolation: 0, interpolation_duration: 1 }
$data merge entity $(bone_wheel4) { transformation: [-1f,-9.287254921535894e-17f,7.982660852660163e-17f,0.3125f,0f,0.6518337253008788f,0.7583619152887218f,1.5f,-1.2246467991473532e-16f,0.7583619152887218f,-0.6518337253008788f,-0.015624999999999962f,0f,0f,0f,1f], start_interpolation: 0, interpolation_duration: 1 }