# This file was generated by Animated Java via MC-Build. It is not recommended to edit this file directly.
$data merge entity $(bone_wheel2) { transformation: [-1f,4.50822555132842e-17f,-1.1386477973655215e-16f,-0.3125f,0f,-0.9297764858882516f,-0.3681245526846779f,1.5f,-1.2246467991473532e-16f,-0.3681245526846779f,0.9297764858882516f,-0.015625000000000038f,0f,0f,0f,1f], start_interpolation: 0, interpolation_duration: 1 }
$data merge entity $(bone_wheel3) { transformation: [-1f,-8.327027288218388e-17f,8.979788127091423e-17f,1.9135106236677394e-18f,0f,0.73325534622256f,0.6799533787224192f,1.5f,-1.2246467991473532e-16f,0.6799533787224192f,-0.73325534622256f,-0.015625f,0f,0f,0f,1f], start_interpolation: 0, interpolation_duration: 1 }
$data merge entity $(bone_wheel4) { transformation: [-1f,-1.1269589863500687e-16f,-4.792945083627433e-17f,0.3125f,0f,-0.391373666837203f,0.9202318473658703f,1.5f,-1.2246467991473532e-16f,0.9202318473658703f,0.391373666837203f,-0.015624999999999962f,0f,0f,0f,1f], start_interpolation: 0, interpolation_duration: 1 }