# This file was generated by Animated Java via MC-Build. It is not recommended to edit this file directly.
$data merge entity $(bone_wheel2) { transformation: [-1f,1.677917256845058e-17f,1.2130975721077316e-16f,-0.3125f,0f,0.9905693404435773f,-0.13701234168196816f,1.5f,-1.2246467991473532e-16f,-0.13701234168196816f,-0.9905693404435773f,-0.015625000000000038f,0f,0f,0f,1f], start_interpolation: 0, interpolation_duration: 1 }
$data merge entity $(bone_wheel3) { transformation: [-1f,1.1993967587844887e-16f,2.4740088455606045e-17f,1.9135106236677394e-18f,0f,0.20201815309386395f,-0.9793817773578107f,1.5f,-1.2246467991473532e-16f,-0.9793817773578107f,-0.20201815309386395f,-0.015625f,0f,0f,0f,1f], start_interpolation: 0, interpolation_duration: 1 }
$data merge entity $(bone_wheel4) { transformation: [-1f,9.287254921535907e-17f,7.982660852660147e-17f,0.3125f,0f,0.6518337253008775f,-0.7583619152887229f,1.5f,-1.2246467991473532e-16f,-0.7583619152887229f,-0.6518337253008775f,-0.015624999999999962f,0f,0f,0f,1f], start_interpolation: 0, interpolation_duration: 1 }