# This file was generated by Animated Java via MC-Build. It is not recommended to edit this file directly.
$data merge entity $(bone_wheel2) { transformation: [-1f,-6.883536095405439e-17f,1.012881577922297e-16f,-0.3125f,0f,0.8270805742745619f,0.5620833778521305f,1.5f,-1.2246467991473532e-16f,0.5620833778521305f,-0.8270805742745619f,-0.015625000000000038f,0f,0f,0f,1f], start_interpolation: 0, interpolation_duration: 1 }
$data merge entity $(bone_wheel3) { transformation: [-1f,1.9537598947415132e-17f,1.2089615400825842e-16f,1.9135106236677394e-18f,0f,0.987192013994819f,-0.15953660239848722f,1.5f,-1.2246467991473532e-16f,-0.15953660239848722f,-0.987192013994819f,-0.015625f,0f,0f,0f,1f], start_interpolation: 0, interpolation_duration: 1 }
$data merge entity $(bone_wheel4) { transformation: [-1f,-1.6874443844052538e-17f,1.212965414658328e-16f,0.3125f,0f,0.9904614256966512f,0.13779029068463808f,1.5f,-1.2246467991473532e-16f,0.13779029068463808f,-0.9904614256966512f,-0.015624999999999962f,0f,0f,0f,1f], start_interpolation: 0, interpolation_duration: 1 }