# This file was generated by Animated Java via MC-Build. It is not recommended to edit this file directly.
$data merge entity $(bone_wheel2) { transformation: [-1f,-1.2166592427503208e-16f,-1.3964264997511913e-17f,-0.3125f,0f,-0.11402687703290759f,0.9934776652316458f,1.5f,-1.2246467991473532e-16f,0.9934776652316458f,0.11402687703290759f,-0.015625000000000038f,0f,0f,0f,1f], start_interpolation: 0, interpolation_duration: 1 }
$data merge entity $(bone_wheel3) { transformation: [-1f,-8.201036605759442e-17f,-9.094997353335483e-17f,1.9135106236677394e-18f,0f,-0.7426628934700008f,0.6696654587648718f,1.5f,-1.2246467991473532e-16f,0.6696654587648718f,0.7426628934700008f,-0.015625f,0f,0f,0f,1f], start_interpolation: 0, interpolation_duration: 1 }
$data merge entity $(bone_wheel4) { transformation: [-1f,-9.423792189940017e-17f,-7.82100498829986e-17f,0.3125f,0f,-0.6386335222322999f,0.7695110293434179f,1.5f,-1.2246467991473532e-16f,0.7695110293434179f,0.6386335222322999f,-0.015624999999999962f,0f,0f,0f,1f], start_interpolation: 0, interpolation_duration: 1 }