# This file was generated by Animated Java via MC-Build. It is not recommended to edit this file directly.
$data merge entity $(bone_wheel2) { transformation: [-1f,-1.220563738586101e-16f,9.991968129741855e-18f,-0.3125f,0f,0.08159061156815706f,0.9966659280340299f,1.5f,-1.2246467991473532e-16f,0.9966659280340299f,-0.08159061156815706f,-0.015625000000000038f,0f,0f,0f,1f], start_interpolation: 0, interpolation_duration: 1 }
$data merge entity $(bone_wheel3) { transformation: [-1f,-8.355196986025516e-17f,-8.953583728926415e-17f,1.9135106236677394e-18f,0f,-0.731115594729864f,0.6822536091093963f,1.5f,-1.2246467991473532e-16f,0.6822536091093963f,0.731115594729864f,-0.015625f,0f,0f,0f,1f], start_interpolation: 0, interpolation_duration: 1 }
$data merge entity $(bone_wheel4) { transformation: [-1f,-9.533413658709382e-17f,-7.687002164570999e-17f,0.3125f,0f,-0.6276913612906994f,0.7784623015670246f,1.5f,-1.2246467991473532e-16f,0.7784623015670246f,0.6276913612906994f,-0.015624999999999962f,0f,0f,0f,1f], start_interpolation: 0, interpolation_duration: 1 }