# This file was generated by Animated Java via MC-Build. It is not recommended to edit this file directly.
$data merge entity $(bone_wheel2) { transformation: [-1f,-1.1530589256825727e-16f,4.1257108062200454e-17f,-0.3125f,0f,0.336889853392221f,0.9415440651830204f,1.5f,-1.2246467991473532e-16f,0.9415440651830204f,-0.336889853392221f,-0.015625000000000038f,0f,0f,0f,1f], start_interpolation: 0, interpolation_duration: 1 }
$data merge entity $(bone_wheel3) { transformation: [-1f,-9.273133901602258e-17f,-7.999060314133197e-17f,1.9135106236677394e-18f,0f,-0.6531728429537769f,0.7572088465064846f,1.5f,-1.2246467991473532e-16f,0.7572088465064846f,0.6531728429537769f,-0.015625f,0f,0f,0f,1f], start_interpolation: 0, interpolation_duration: 1 }
$data merge entity $(bone_wheel4) { transformation: [-1f,-1.0182565992946032e-16f,-6.803773075690047e-17f,0.3125f,0f,-0.555570233019602f,0.8314696123025456f,1.5f,-1.2246467991473532e-16f,0.8314696123025456f,0.555570233019602f,-0.015624999999999962f,0f,0f,0f,1f], start_interpolation: 0, interpolation_duration: 1 }