# This file was generated by Animated Java via MC-Build. It is not recommended to edit this file directly.
$data merge entity $(bone_wheel2) { transformation: [-1f,-9.816364423243136e-17f,7.322224236956433e-17f,-0.3125f,0f,0.5979049830575192f,0.8015669848708763f,1.5f,-1.2246467991473532e-16f,0.8015669848708763f,-0.5979049830575192f,-0.015625000000000038f,0f,0f,0f,1f], start_interpolation: 0, interpolation_duration: 1 }
$data merge entity $(bone_wheel3) { transformation: [-1f,-1.0461881223143639e-16f,-6.365926447817345e-17f,1.9135106236677394e-18f,0f,-0.5198173426207091f,0.8542774316992955f,1.5f,-1.2246467991473532e-16f,0.8542774316992955f,0.5198173426207091f,-0.015625f,0f,0f,0f,1f], start_interpolation: 0, interpolation_duration: 1 }
$data merge entity $(bone_wheel4) { transformation: [-1f,-1.1014537624670773e-16f,-5.353124244859044e-17f,0.3125f,0f,-0.4371157666509313f,0.8994052515663719f,1.5f,-1.2246467991473532e-16f,0.8994052515663719f,0.4371157666509313f,-0.015624999999999962f,0f,0f,0f,1f], start_interpolation: 0, interpolation_duration: 1 }