# This file was generated by Animated Java via MC-Build. It is not recommended to edit this file directly.
$data merge entity $(bone_wheel2) { transformation: [-1f,-4.220658527144585e-17f,1.1496174140270644e-16f,-0.3125f,0f,0.9387338576538744f,0.3446429231745163f,1.5f,-1.2246467991473532e-16f,0.3446429231745163f,-0.9387338576538744f,-0.015625000000000038f,0f,0f,0f,1f], start_interpolation: 0, interpolation_duration: 1 }
$data merge entity $(bone_wheel3) { transformation: [-1f,-1.2043730224343434e-16f,-2.219130584130243e-17f,1.9135106236677394e-18f,0f,-0.18120576362713625f,0.9834452049953298f,1.5f,-1.2246467991473532e-16f,0.9834452049953298f,0.18120576362713625f,-0.015625f,0f,0f,0f,1f], start_interpolation: 0, interpolation_duration: 1 }
$data merge entity $(bone_wheel4) { transformation: [-1f,-1.2107491946647324e-16f,-1.8397328686675957e-17f,0.3125f,0f,-0.15022558912075623f,0.9886517447379141f,1.5f,-1.2246467991473532e-16f,0.9886517447379141f,0.15022558912075623f,-0.015624999999999962f,0f,0f,0f,1f], start_interpolation: 0, interpolation_duration: 1 }