# This file was generated by Animated Java via MC-Build. It is not recommended to edit this file directly.
$data merge entity $(bone_wheel2) { transformation: [-1f,-1.1647083184890926e-16f,-3.7843667304341506e-17f,-0.3125f,0f,-0.30901699437494745f,0.9510565162951536f,1.5f,-1.2246467991473532e-16f,0.9510565162951536f,0.30901699437494745f,-0.015625000000000038f,0f,0f,0f,1f], start_interpolation: 0, interpolation_duration: 1 }
$data merge entity $(bone_wheel3) { transformation: [-1f,1.1917019767293168e-16f,-2.8214567393688036e-17f,1.9135106236677394e-18f,0f,-0.23038942667659046f,-0.9730985109821265f,1.5f,-1.2246467991473532e-16f,-0.9730985109821265f,0.23038942667659046f,-0.015625f,0f,0f,0f,1f], start_interpolation: 0, interpolation_duration: 1 }
$data merge entity $(bone_wheel4) { transformation: [-1f,1.6874443844052507e-17f,1.2129654146583281e-16f,0.3125f,0f,0.9904614256966513f,-0.13779029068463783f,1.5f,-1.2246467991473532e-16f,-0.13779029068463783f,-0.9904614256966513f,-0.015624999999999962f,0f,0f,0f,1f], start_interpolation: 0, interpolation_duration: 1 }