# This file was generated by Animated Java via MC-Build. It is not recommended to edit this file directly.
$data merge entity $(bone_wheel2) { transformation: [-1f,1.012881577922297e-16f,6.88353609540544e-17f,-0.3125f,0f,0.5620833778521306f,-0.8270805742745619f,1.5f,-1.2246467991473532e-16f,-0.8270805742745619f,-0.5620833778521306f,-0.015625000000000038f,0f,0f,0f,1f], start_interpolation: 0, interpolation_duration: 1 }
$data merge entity $(bone_wheel3) { transformation: [-1f,5.109627072854443e-17f,-1.1129586220634563e-16f,1.9135106236677394e-18f,0f,-0.9087996823560405f,-0.4172327136617647f,1.5f,-1.2246467991473532e-16f,-0.4172327136617647f,0.9087996823560405f,-0.015625f,0f,0f,0f,1f], start_interpolation: 0, interpolation_duration: 1 }
$data merge entity $(bone_wheel4) { transformation: [-1f,1.1269589863500684e-16f,-4.7929450836274376e-17f,0.3125f,0f,-0.3913736668372034f,-0.92023184736587f,1.5f,-1.2246467991473532e-16f,-0.92023184736587f,0.3913736668372034f,-0.015624999999999962f,0f,0f,0f,1f], start_interpolation: 0, interpolation_duration: 1 }