# This file was generated by Animated Java via MC-Build. It is not recommended to edit this file directly.
$data merge entity $(bone_wheel2) { transformation: [-1f,-1.1332577758218985e-16f,4.642053384021572e-17f,-0.3125f,0f,0.37905242452383414f,0.9253751992908622f,1.5f,-1.2246467991473532e-16f,0.9253751992908622f,-0.37905242452383414f,-0.015625000000000038f,0f,0f,0f,1f], start_interpolation: 0, interpolation_duration: 1 }
$data merge entity $(bone_wheel3) { transformation: [-1f,-9.135144360960349e-17f,8.156293016475079e-17f,1.9135106236677394e-18f,0f,0.6660118674342519f,0.745941145424182f,1.5f,-1.2246467991473532e-16f,0.745941145424182f,-0.6660118674342519f,-0.015625f,0f,0f,0f,1f], start_interpolation: 0, interpolation_duration: 1 }
$data merge entity $(bone_wheel4) { transformation: [-1f,-1.0085365596791588e-16f,6.947041028037652e-17f,0.3125f,0f,0.5672689491267566f,0.8235325976284275f,1.5f,-1.2246467991473532e-16f,0.8235325976284275f,-0.5672689491267566f,-0.015624999999999962f,0f,0f,0f,1f], start_interpolation: 0, interpolation_duration: 1 }