# This file was generated by Animated Java via MC-Build. It is not recommended to edit this file directly.
$data merge entity $(bone_wheel2) { transformation: [-1f,2.4457418839474887e-17f,-1.19997635353073e-16f,-0.3125f,0f,-0.9798550523842469f,-0.19970998051440705f,1.5f,-1.2246467991473532e-16f,-0.19970998051440705f,0.9798550523842469f,-0.015625000000000038f,0f,0f,0f,1f], start_interpolation: 0, interpolation_duration: 1 }
$data merge entity $(bone_wheel3) { transformation: [-1f,1.218463578254553e-16f,1.2290765284947988e-17f,1.9135106236677394e-18f,0f,0.10036171485121503f,-0.9949510169813001f,1.5f,-1.2246467991473532e-16f,-0.9949510169813001f,-0.10036171485121503f,-0.015625f,0f,0f,0f,1f], start_interpolation: 0, interpolation_duration: 1 }
$data merge entity $(bone_wheel4) { transformation: [-1f,-1.169371808343271e-16f,-3.6377102209198343e-17f,0.3125f,0f,-0.2970415815770351f,0.954864544746643f,1.5f,-1.2246467991473532e-16f,0.954864544746643f,0.2970415815770351f,-0.015624999999999962f,0f,0f,0f,1f], start_interpolation: 0, interpolation_duration: 1 }