# This file was generated by Animated Java via MC-Build. It is not recommended to edit this file directly.
$data merge entity $(bone_wheel2) { transformation: [-1f,-2.746524695390009e-17f,1.1934512154411616e-16f,-0.3125f,0f,0.9745268727865771f,0.2242707609493812f,1.5f,-1.2246467991473532e-16f,0.2242707609493812f,-0.9745268727865771f,-0.015625000000000038f,0f,0f,0f,1f], start_interpolation: 0, interpolation_duration: 1 }
$data merge entity $(bone_wheel3) { transformation: [-1f,-1.3820921049865113e-17f,1.216822911024935e-16f,1.9135106236677394e-18f,0f,0.9936113105200084f,0.1128563848734817f,1.5f,-1.2246467991473532e-16f,0.1128563848734817f,-0.9936113105200084f,-0.015625f,0f,0f,0f,1f], start_interpolation: 0, interpolation_duration: 1 }
$data merge entity $(bone_wheel4) { transformation: [-1f,-4.075863898937556e-17f,1.1548303414074438e-16f,0.3125f,0f,0.9429905358928645f,0.3328195445229866f,1.5f,-1.2246467991473532e-16f,0.3328195445229866f,-0.9429905358928645f,-0.015624999999999962f,0f,0f,0f,1f], start_interpolation: 0, interpolation_duration: 1 }