# This file was generated by Animated Java via MC-Build. It is not recommended to edit this file directly.
$data merge entity $(bone_wheel2) { transformation: [-1f,-1.2099354389229982e-17f,1.2186551378459125e-16f,-0.3125f,0f,0.9951074372581447f,0.0987987262748249f,1.5f,-1.2246467991473532e-16f,0.0987987262748249f,-0.9951074372581447f,-0.015625000000000038f,0f,0f,0f,1f], start_interpolation: 0, interpolation_duration: 1 }
$data merge entity $(bone_wheel3) { transformation: [-1f,-6.057090404800202e-18f,1.2231479666191926e-16f,1.9135106236677394e-18f,0f,0.9987761103616126f,0.04945989659236756f,1.5f,-1.2246467991473532e-16f,0.04945989659236756f,-0.9987761103616126f,-0.015625f,0f,0f,0f,1f], start_interpolation: 0, interpolation_duration: 1 }
$data merge entity $(bone_wheel4) { transformation: [-1f,-1.8112001824723463e-17f,1.2111793102806783e-16f,0.3125f,0f,0.9890029607915918f,0.14789571848253508f,1.5f,-1.2246467991473532e-16f,0.14789571848253508f,-0.9890029607915918f,-0.015624999999999962f,0f,0f,0f,1f], start_interpolation: 0, interpolation_duration: 1 }