# This file was generated by Animated Java via MC-Build. It is not recommended to edit this file directly.
$data merge entity $(bone_wheel2) { transformation: [-1f,1.132892840313993e-16f,4.650952537138508e-17f,-0.3125f,0f,0.3797790955218012f,-0.925077206834458f,1.5f,-1.2246467991473532e-16f,-0.925077206834458f,-0.3797790955218012f,-0.015625000000000038f,0f,0f,0f,1f], start_interpolation: 0, interpolation_duration: 1 }
$data merge entity $(bone_wheel3) { transformation: [-1f,6.819759412554684e-17f,1.0171866093350696e-16f,1.9135106236677394e-18f,0f,0.8305958991958127f,-0.556875616488188f,1.5f,-1.2246467991473532e-16f,-0.556875616488188f,-0.8305958991958127f,-0.015625f,0f,0f,0f,1f], start_interpolation: 0, interpolation_duration: 1 }
$data merge entity $(bone_wheel4) { transformation: [-1f,1.19997635353073e-16f,-2.4457418839474897e-17f,0.3125f,0f,-0.19970998051440714f,-0.9798550523842469f,1.5f,-1.2246467991473532e-16f,-0.9798550523842469f,0.19970998051440714f,-0.015624999999999962f,0f,0f,0f,1f], start_interpolation: 0, interpolation_duration: 1 }