# This file was generated by Animated Java via MC-Build. It is not recommended to edit this file directly.
$data merge entity $(bone_wheel2) { transformation: [-1f,1.0421676682219297e-16f,6.431534295754966e-17f,-0.3125f,0f,0.5251746299612958f,-0.8509944817946917f,1.5f,-1.2246467991473532e-16f,-0.8509944817946917f,-0.5251746299612958f,-0.015625000000000038f,0f,0f,0f,1f], start_interpolation: 0, interpolation_duration: 1 }
$data merge entity $(bone_wheel3) { transformation: [-1f,1.0731661707871611e-16f,5.899780949661432e-17f,1.9135106236677394e-18f,0f,0.48175367410171566f,-0.8763066800438634f,1.5f,-1.2246467991473532e-16f,-0.8763066800438634f,-0.48175367410171566f,-0.015625f,0f,0f,0f,1f], start_interpolation: 0, interpolation_duration: 1 }
$data merge entity $(bone_wheel4) { transformation: [-1f,1.1496174140270644e-16f,4.220658527144585e-17f,0.3125f,0f,0.3446429231745163f,-0.9387338576538744f,1.5f,-1.2246467991473532e-16f,-0.9387338576538744f,-0.3446429231745163f,-0.015624999999999962f,0f,0f,0f,1f], start_interpolation: 0, interpolation_duration: 1 }