# This file was generated by Animated Java via MC-Build. It is not recommended to edit this file directly.
$data merge entity $(bone_wheel2) { transformation: [-1f,9.859325332053639e-17f,7.264274379654943e-17f,-0.3125f,0f,0.5931730181071484f,-0.8050750092939519f,1.5f,-1.2246467991473532e-16f,-0.8050750092939519f,-0.5931730181071484f,-0.015625000000000038f,0f,0f,0f,1f], start_interpolation: 0, interpolation_duration: 1 }
$data merge entity $(bone_wheel3) { transformation: [-1f,1.0262012584314944e-16f,6.683343174306366e-17f,1.9135106236677394e-18f,0f,0.5457363852957089f,-0.8379569187997516f,1.5f,-1.2246467991473532e-16f,-0.8379569187997516f,-0.5457363852957089f,-0.015625f,0f,0f,0f,1f], start_interpolation: 0, interpolation_duration: 1 }
$data merge entity $(bone_wheel4) { transformation: [-1f,1.1260157219984797e-16f,4.8150636182100455e-17f,0.3125f,0f,0.39317978224925587f,-0.9194616135709135f,1.5f,-1.2246467991473532e-16f,-0.9194616135709135f,-0.39317978224925587f,-0.015624999999999962f,0f,0f,0f,1f], start_interpolation: 0, interpolation_duration: 1 }