# This file was generated by Animated Java via MC-Build. It is not recommended to edit this file directly.
$data merge entity $(bone_wheel2) { transformation: [-1f,1.0504145967739414e-16f,6.295942801091001e-17f,-0.3125f,0f,0.5141027441932222f,-0.8577286100002718f,1.5f,-1.2246467991473532e-16f,-0.8577286100002718f,-0.5141027441932222f,-0.015625000000000038f,0f,0f,0f,1f], start_interpolation: 0, interpolation_duration: 1 }
$data merge entity $(bone_wheel3) { transformation: [-1f,1.0800420534841998e-16f,5.772945048824652e-17f,1.9135106236677394e-18f,0f,0.4713967368259976f,-0.881921264348355f,1.5f,-1.2246467991473532e-16f,-0.881921264348355f,-0.4713967368259976f,-0.015625f,0f,0f,0f,1f], start_interpolation: 0, interpolation_duration: 1 }
$data merge entity $(bone_wheel4) { transformation: [-1f,1.153058925682573e-16f,4.1257108062200386e-17f,0.3125f,0f,0.33688985339222044f,-0.9415440651830206f,1.5f,-1.2246467991473532e-16f,-0.9415440651830206f,-0.33688985339222044f,-0.015624999999999962f,0f,0f,0f,1f], start_interpolation: 0, interpolation_duration: 1 }