# This file was generated by Animated Java via MC-Build. It is not recommended to edit this file directly.
$data merge entity $(bone_wheel2) { transformation: [-1f,1.1208471724980771e-16f,4.9341807685260544e-17f,-0.3125f,0f,0.40290643571366236f,-0.9152411726209178f,1.5f,-1.2246467991473532e-16f,-0.9152411726209178f,-0.40290643571366236f,-0.015625000000000038f,0f,0f,0f,1f], start_interpolation: 0, interpolation_duration: 1 }
$data merge entity $(bone_wheel3) { transformation: [-1f,1.1386477973655213e-16f,4.508225551328424e-17f,1.9135106236677394e-18f,0f,0.36812455268467825f,-0.9297764858882513f,1.5f,-1.2246467991473532e-16f,-0.9297764858882513f,-0.36812455268467825f,-0.015625f,0f,0f,0f,1f], start_interpolation: 0, interpolation_duration: 1 }
$data merge entity $(bone_wheel4) { transformation: [-1f,1.1822515339527948e-16f,3.1943871576269685e-17f,0.3125f,0f,0.2608415062898972f,-0.9653816388332738f,1.5f,-1.2246467991473532e-16f,-0.9653816388332738f,-0.2608415062898972f,-0.015624999999999962f,0f,0f,0f,1f], start_interpolation: 0, interpolation_duration: 1 }