# This file was generated by Animated Java via MC-Build. It is not recommended to edit this file directly.
$data merge entity $(bone_wheel2) { transformation: [-1f,1.1795770538131696e-16f,3.2917739408911436e-17f,-0.3125f,0f,0.2687937406265223f,-0.9631977600679944f,1.5f,-1.2246467991473532e-16f,-0.9631977600679944f,-0.2687937406265223f,-0.015625000000000038f,0f,0f,0f,1f], start_interpolation: 0, interpolation_duration: 1 }
$data merge entity $(bone_wheel3) { transformation: [-1f,1.1873591124077928e-16f,2.9989685034030624e-17f,1.9135106236677394e-18f,0f,0.24488436220884757f,-0.9695522931464634f,1.5f,-1.2246467991473532e-16f,-0.9695522931464634f,-0.24488436220884757f,-0.015625f,0f,0f,0f,1f], start_interpolation: 0, interpolation_duration: 1 }
$data merge entity $(bone_wheel4) { transformation: [-1f,1.2063282063230065e-16f,2.1102616257558086e-17f,0.3125f,0f,0.1723159385404065f,-0.9850417337985934f,1.5f,-1.2246467991473532e-16f,-0.9850417337985934f,-0.1723159385404065f,-0.015624999999999962f,0f,0f,0f,1f], start_interpolation: 0, interpolation_duration: 1 }