# This file was generated by Animated Java via MC-Build. It is not recommended to edit this file directly.
$data merge entity $(bone_wheel2) { transformation: [-1f,1.2129654146583281e-16f,1.6874443844052433e-17f,-0.3125f,0f,0.13779029068463722f,-0.9904614256966513f,1.5f,-1.2246467991473532e-16f,-0.9904614256966513f,-0.13779029068463722f,-0.015625000000000038f,0f,0f,0f,1f], start_interpolation: 0, interpolation_duration: 1 }
$data merge entity $(bone_wheel3) { transformation: [-1f,1.2149900933518077e-16f,1.5348894331131295e-17f,1.9135106236677394e-18f,0f,0.12533323356430437f,-0.9921147013144779f,1.5f,-1.2246467991473532e-16f,-0.9921147013144779f,-0.12533323356430437f,-0.015625f,0f,0f,0f,1f], start_interpolation: 0, interpolation_duration: 1 }
$data merge entity $(bone_wheel4) { transformation: [-1f,1.219911835960287e-16f,1.0758668665713217e-17f,0.3125f,0f,0.0878511965507428f,-0.9961336091431726f,1.5f,-1.2246467991473532e-16f,-0.9961336091431726f,-0.0878511965507428f,-0.015624999999999962f,0f,0f,0f,1f], start_interpolation: 0, interpolation_duration: 1 }