# This file was generated by Animated Java via MC-Build. It is not recommended to edit this file directly.
$data merge entity $(bone_wheel2) { transformation: [-1f,-7.490737380063667e-17f,-9.688386437849319e-17f,-0.3125f,0f,-0.7911167893138455f,0.6116651254287367f,1.5f,-1.2246467991473532e-16f,0.6116651254287367f,0.7911167893138455f,-0.015625000000000038f,0f,0f,0f,1f], start_interpolation: 0, interpolation_duration: 1 }
$data merge entity $(bone_wheel3) { transformation: [-1f,-5.3877009618359086e-17f,-1.0997665962012948e-16f,1.9135106236677394e-18f,0f,-0.8980275757606153f,0.4399391698559157f,1.5f,-1.2246467991473532e-16f,0.4399391698559157f,0.8980275757606153f,-0.015625f,0f,0f,0f,1f], start_interpolation: 0, interpolation_duration: 1 }
$data merge entity $(bone_wheel4) { transformation: [-1f,1.8587489950441104e-17f,-1.2104587165186936e-16f,0.3125f,0f,-0.9884145513314222f,-0.1517783736778836f,1.5f,-1.2246467991473532e-16f,-0.1517783736778836f,0.9884145513314222f,-0.015624999999999962f,0f,0f,0f,1f], start_interpolation: 0, interpolation_duration: 1 }