# This file was generated by Animated Java via MC-Build. It is not recommended to edit this file directly.
$data merge entity $(bone_wheel2) { transformation: [-1f,3.120041537246031e-17f,-1.1842352767589943e-16f,-0.3125f,0f,-0.9670014877624349f,-0.2547707256833828f,1.5f,-1.2246467991473532e-16f,-0.2547707256833828f,0.9670014877624349f,-0.015625000000000038f,0f,0f,0f,1f], start_interpolation: 0, interpolation_duration: 1 }
$data merge entity $(bone_wheel3) { transformation: [-1f,4.50822555132842e-17f,-1.1386477973655215e-16f,1.9135106236677394e-18f,0f,-0.9297764858882516f,-0.3681245526846779f,1.5f,-1.2246467991473532e-16f,-0.3681245526846779f,0.9297764858882516f,-0.015625f,0f,0f,0f,1f], start_interpolation: 0, interpolation_duration: 1 }
$data merge entity $(bone_wheel4) { transformation: [-1f,8.213529445399912e-17f,-9.083716877783807e-17f,0.3125f,0f,-0.7417417727387394f,-0.6706855765367199f,1.5f,-1.2246467991473532e-16f,-0.6706855765367199f,0.7417417727387394f,-0.015624999999999962f,0f,0f,0f,1f], start_interpolation: 0, interpolation_duration: 1 }