# This file was generated by Animated Java via MC-Build. It is not recommended to edit this file directly.
$data merge entity $(bone_wheel2) { transformation: [-1f,1.0421676682219303e-16f,-6.431534295754961e-17f,-0.3125f,0f,-0.5251746299612954f,-0.8509944817946922f,1.5f,-1.2246467991473532e-16f,-0.8509944817946922f,0.5251746299612954f,-0.015625000000000038f,0f,0f,0f,1f], start_interpolation: 0, interpolation_duration: 1 }
$data merge entity $(bone_wheel3) { transformation: [-1f,1.0731661707871607e-16f,-5.899780949661438e-17f,1.9135106236677394e-18f,0f,-0.4817536741017161f,-0.8763066800438631f,1.5f,-1.2246467991473532e-16f,-0.8763066800438631f,0.4817536741017161f,-0.015625f,0f,0f,0f,1f], start_interpolation: 0, interpolation_duration: 1 }
$data merge entity $(bone_wheel4) { transformation: [-1f,1.1496174140270642e-16f,-4.220658527144591e-17f,0.3125f,0f,-0.3446429231745167f,-0.9387338576538742f,1.5f,-1.2246467991473532e-16f,-0.9387338576538742f,0.3446429231745167f,-0.015624999999999962f,0f,0f,0f,1f], start_interpolation: 0, interpolation_duration: 1 }