# This file was generated by Animated Java via MC-Build. It is not recommended to edit this file directly.
$data merge entity $(bone_wheel2) { transformation: [-1f,1.2091908729776049e-16f,1.9395157996137924e-17f,-0.3125f,0f,0.15837348376398475f,-0.9873792785148262f,1.5f,-1.2246467991473532e-16f,-0.9873792785148262f,-0.15837348376398475f,-0.015625000000000038f,0f,0f,0f,1f], start_interpolation: 0, interpolation_duration: 1 }
$data merge entity $(bone_wheel3) { transformation: [-1f,3.270923964796137e-17f,-1.1801569161883015e-16f,1.9135106236677394e-18f,0f,-0.9636712536300038f,-0.26709121087594245f,1.5f,-1.2246467991473532e-16f,-0.26709121087594245f,0.9636712536300038f,-0.015625f,0f,0f,0f,1f], start_interpolation: 0, interpolation_duration: 1 }
$data merge entity $(bone_wheel4) { transformation: [-1f,-3.8300754217815466e-17f,1.1632132243473277e-16f,0.3125f,0f,0.9498356792809177f,0.31274939226952575f,1.5f,-1.2246467991473532e-16f,0.31274939226952575f,-0.9498356792809177f,-0.015624999999999962f,0f,0f,0f,1f], start_interpolation: 0, interpolation_duration: 1 }