# This file was generated by Animated Java via MC-Build. It is not recommended to edit this file directly.
$data merge entity $(bone_wheel2) { transformation: [-1f,1.1861722679842034e-16f,3.0455727429675483e-17f,-0.3125f,0f,0.24868988716485396f,-0.9685831611286314f,1.5f,-1.2246467991473532e-16f,-0.9685831611286314f,-0.24868988716485396f,-0.015625000000000038f,0f,0f,0f,1f], start_interpolation: 0, interpolation_duration: 1 }
$data merge entity $(bone_wheel3) { transformation: [-1f,5.074637289082497e-17f,-1.114558363884275e-16f,1.9135106236677394e-18f,0f,-0.9101059706849957f,-0.4143755809932837f,1.5f,-1.2246467991473532e-16f,-0.4143755809932837f,0.9101059706849957f,-0.015625f,0f,0f,0f,1f], start_interpolation: 0, interpolation_duration: 1 }
$data merge entity $(bone_wheel4) { transformation: [-1f,-5.899780949661423e-17f,1.0731661707871616e-16f,0.3125f,0f,0.8763066800438638f,0.4817536741017149f,1.5f,-1.2246467991473532e-16f,0.4817536741017149f,-0.8763066800438638f,-0.015624999999999962f,0f,0f,0f,1f], start_interpolation: 0, interpolation_duration: 1 }