# This file was generated by Animated Java via MC-Build. It is not recommended to edit this file directly.
$data merge entity $(bone_wheel2) { transformation: [-1f,1.202954937448142e-16f,2.2947592712743156e-17f,-0.3125f,0f,0.18738131458572516f,-0.9822872507286886f,1.5f,-1.2246467991473532e-16f,-0.9822872507286886f,-0.18738131458572516f,-0.015625000000000038f,0f,0f,0f,1f], start_interpolation: 0, interpolation_duration: 1 }
$data merge entity $(bone_wheel3) { transformation: [-1f,3.8574723307043333e-17f,-1.1623075560454568e-16f,1.9135106236677394e-18f,0f,-0.9490961449902948f,-0.31498651965530433f,1.5f,-1.2246467991473532e-16f,-0.31498651965530433f,0.9490961449902948f,-0.015625f,0f,0f,0f,1f], start_interpolation: 0, interpolation_duration: 1 }
$data merge entity $(bone_wheel4) { transformation: [-1f,-4.5082255513284235e-17f,1.1386477973655213e-16f,0.3125f,0f,0.9297764858882513f,0.3681245526846782f,1.5f,-1.2246467991473532e-16f,0.3681245526846782f,-0.9297764858882513f,-0.015624999999999962f,0f,0f,0f,1f], start_interpolation: 0, interpolation_duration: 1 }