# This file was generated by Animated Java via MC-Build. It is not recommended to edit this file directly.
$data merge entity $(bone_wheel2) { transformation: [-1f,1.1524944467867452e-17f,-1.2192117733040127e-16f,-0.3125f,0f,-0.9955619646030802f,-0.0941083133185141f,1.5f,-1.2246467991473532e-16f,-0.0941083133185141f,0.9955619646030802f,-0.015625000000000038f,0f,0f,0f,1f], start_interpolation: 0, interpolation_duration: 1 }
$data merge entity $(bone_wheel3) { transformation: [-1f,-7.229383350392099e-17f,9.884937766079222e-17f,1.9135106236677394e-18f,0f,0.8071664232464005f,0.5903239493562942f,1.5f,-1.2246467991473532e-16f,0.5903239493562942f,-0.8071664232464005f,-0.015625f,0f,0f,0f,1f], start_interpolation: 0, interpolation_duration: 1 }
$data merge entity $(bone_wheel4) { transformation: [-1f,2.2947592712743104e-17f,-1.202954937448142e-16f,0.3125f,0f,-0.9822872507286886f,-0.18738131458572474f,1.5f,-1.2246467991473532e-16f,-0.18738131458572474f,0.9822872507286886f,-0.015624999999999962f,0f,0f,0f,1f], start_interpolation: 0, interpolation_duration: 1 }