# This file was generated by Animated Java via MC-Build. It is not recommended to edit this file directly.
$data merge entity $(bone_wheel2) { transformation: [-1f,5.772945048824648e-17f,-1.0800420534842002e-16f,-0.3125f,0f,-0.8819212643483554f,-0.47139673682599725f,1.5f,-1.2246467991473532e-16f,-0.47139673682599725f,0.8819212643483554f,-0.015625000000000038f,0f,0f,0f,1f], start_interpolation: 0, interpolation_duration: 1 }
$data merge entity $(bone_wheel3) { transformation: [-1f,4.686520405326296e-17f,-1.1314261122877003e-16f,1.9135106236677394e-18f,0f,-0.9238795325112867f,-0.3826834323650896f,1.5f,-1.2246467991473532e-16f,-0.3826834323650896f,0.9238795325112867f,-0.015625f,0f,0f,0f,1f], start_interpolation: 0, interpolation_duration: 1 }
$data merge entity $(bone_wheel4) { transformation: [-1f,2.9756489957478005e-17f,-1.187945669297594e-16f,0.3125f,0f,-0.9700312531945439f,-0.2429801799032638f,1.5f,-1.2246467991473532e-16f,-0.2429801799032638f,0.9700312531945439f,-0.015624999999999962f,0f,0f,0f,1f], start_interpolation: 0, interpolation_duration: 1 }