# This file was generated by Animated Java via MC-Build. It is not recommended to edit this file directly.
$data merge entity $(bone_wheel2) { transformation: [-1f,4.508225551328415e-17f,-1.1386477973655215e-16f,-0.3125f,0f,-0.9297764858882516f,-0.3681245526846775f,1.5f,-1.2246467991473532e-16f,-0.3681245526846775f,0.9297764858882516f,-0.015625000000000038f,0f,0f,0f,1f], start_interpolation: 0, interpolation_duration: 1 }
$data merge entity $(bone_wheel3) { transformation: [-1f,3.6377102209198343e-17f,-1.1693718083432707e-16f,1.9135106236677394e-18f,0f,-0.9548645447466428f,-0.2970415815770351f,1.5f,-1.2246467991473532e-16f,-0.2970415815770351f,0.9548645447466428f,-0.015625f,0f,0f,0f,1f], start_interpolation: 0, interpolation_duration: 1 }
$data merge entity $(bone_wheel4) { transformation: [-1f,2.2947592712743104e-17f,-1.202954937448142e-16f,0.3125f,0f,-0.9822872507286886f,-0.18738131458572474f,1.5f,-1.2246467991473532e-16f,-0.18738131458572474f,0.9822872507286886f,-0.015624999999999962f,0f,0f,0f,1f], start_interpolation: 0, interpolation_duration: 1 }