# This file was generated by Animated Java via MC-Build. It is not recommended to edit this file directly.
$data merge entity $(bone_wheel2) { transformation: [-1f,2.9989685034030624e-17f,-1.187359112407793e-16f,-0.3125f,0f,-0.9695522931464637f,-0.24488436220884754f,1.5f,-1.2246467991473532e-16f,-0.24488436220884754f,0.9695522931464637f,-0.015625000000000038f,0f,0f,0f,1f], start_interpolation: 0, interpolation_duration: 1 }
$data merge entity $(bone_wheel3) { transformation: [-1f,2.408031507748943e-17f,-1.2007387830992807e-16f,1.9135106236677394e-18f,0f,-0.9804776233729446f,-0.1966306946154196f,1.5f,-1.2246467991473532e-16f,-0.1966306946154196f,0.9804776233729446f,-0.015625f,0f,0f,0f,1f], start_interpolation: 0, interpolation_duration: 1 }
$data merge entity $(bone_wheel4) { transformation: [-1f,1.5110302150058377e-17f,-1.2152891259100657e-16f,0.3125f,0f,-0.9923588799286434f,-0.12338498055585298f,1.5f,-1.2246467991473532e-16f,-0.12338498055585298f,0.9923588799286434f,-0.015624999999999962f,0f,0f,0f,1f], start_interpolation: 0, interpolation_duration: 1 }