# This file was generated by Animated Java via MC-Build. It is not recommended to edit this file directly.
$data merge entity $(bone_wheel2) { transformation: [-1f,-4.508225551328415e-17f,-1.1386477973655215e-16f,-0.3125f,0f,-0.9297764858882516f,0.3681245526846775f,1.5f,-1.2246467991473532e-16f,0.3681245526846775f,0.9297764858882516f,-0.015625000000000038f,0f,0f,0f,1f], start_interpolation: 0, interpolation_duration: 1 }
$data merge entity $(bone_wheel3) { transformation: [-1f,9.997272504091478e-17f,-7.073225625209637e-17f,1.9135106236677394e-18f,0f,-0.5775727034222677f,-0.8163392507171838f,1.5f,-1.2246467991473532e-16f,-0.8163392507171838f,0.5775727034222677f,-0.015625f,0f,0f,0f,1f], start_interpolation: 0, interpolation_duration: 1 }
$data merge entity $(bone_wheel4) { transformation: [-1f,2.2947592712743082e-17f,1.2029549374481423e-16f,0.3125f,0f,0.9822872507286887f,-0.18738131458572455f,1.5f,-1.2246467991473532e-16f,-0.18738131458572455f,-0.9822872507286887f,-0.015624999999999962f,0f,0f,0f,1f], start_interpolation: 0, interpolation_duration: 1 }