# This file was generated by Animated Java via MC-Build. It is not recommended to edit this file directly.
$data merge entity $(bone_wheel2) { transformation: [-1f,1.2029549374481423e-16f,-2.2947592712743088e-17f,-0.3125f,0f,-0.1873813145857246f,-0.9822872507286887f,1.5f,-1.2246467991473532e-16f,-0.9822872507286887f,0.1873813145857246f,-0.015625000000000038f,0f,0f,0f,1f], start_interpolation: 0, interpolation_duration: 1 }
$data merge entity $(bone_wheel3) { transformation: [-1f,8.604980364351448e-17f,8.713798895734959e-17f,1.9135106236677394e-18f,0f,0.7115356772092856f,-0.702649969798849f,1.5f,-1.2246467991473532e-16f,-0.702649969798849f,-0.7115356772092856f,-0.015625f,0f,0f,0f,1f], start_interpolation: 0, interpolation_duration: 1 }
$data merge entity $(bone_wheel4) { transformation: [-1f,-7.80619248745468e-17f,9.436065764660177e-17f,0.3125f,0f,0.7705132427757893f,0.6374239897486896f,1.5f,-1.2246467991473532e-16f,0.6374239897486896f,-0.7705132427757893f,-0.015624999999999962f,0f,0f,0f,1f], start_interpolation: 0, interpolation_duration: 1 }