# This file was generated by Animated Java via MC-Build. It is not recommended to edit this file directly.
$data merge entity $(bone_wheel2) { transformation: [-1f,-2.2947592712743113e-17f,1.202954937448142e-16f,-0.3125f,0f,0.9822872507286886f,0.1873813145857248f,1.5f,-1.2246467991473532e-16f,0.1873813145857248f,-0.9822872507286886f,-0.015625000000000038f,0f,0f,0f,1f], start_interpolation: 0, interpolation_duration: 1 }
$data merge entity $(bone_wheel3) { transformation: [-1f,-8.604980364351448e-17f,8.713798895734959e-17f,1.9135106236677394e-18f,0f,0.7115356772092856f,0.702649969798849f,1.5f,-1.2246467991473532e-16f,0.702649969798849f,-0.7115356772092856f,-0.015625f,0f,0f,0f,1f], start_interpolation: 0, interpolation_duration: 1 }
$data merge entity $(bone_wheel4) { transformation: [-1f,-1.2192117733040124e-16f,-1.152494446786748e-17f,0.3125f,0f,-0.09410831331851433f,0.99556196460308f,1.5f,-1.2246467991473532e-16f,0.99556196460308f,0.09410831331851433f,-0.015624999999999962f,0f,0f,0f,1f], start_interpolation: 0, interpolation_duration: 1 }