# This file was generated by Animated Java via MC-Build. It is not recommended to edit this file directly.
$data merge entity $(bone_wheel2) { transformation: [-1f,-5.89978094966144e-17f,-1.0731661707871606e-16f,-0.3125f,0f,-0.876306680043863f,0.4817536741017164f,1.5f,-1.2246467991473532e-16f,0.4817536741017164f,0.876306680043863f,-0.015625000000000038f,0f,0f,0f,1f], start_interpolation: 0, interpolation_duration: 1 }
$data merge entity $(bone_wheel3) { transformation: [-1f,-4.792945083627435e-17f,-1.1269589863500682e-16f,1.9135106236677394e-18f,0f,-0.9202318473658699f,0.3913736668372032f,1.5f,-1.2246467991473532e-16f,0.3913736668372032f,0.9202318473658699f,-0.015625f,0f,0f,0f,1f], start_interpolation: 0, interpolation_duration: 1 }
$data merge entity $(bone_wheel4) { transformation: [-1f,-3.0455727429675643e-17f,-1.186172267984203e-16f,0.3125f,0f,-0.9685831611286309f,0.24868988716485524f,1.5f,-1.2246467991473532e-16f,0.24868988716485524f,0.9685831611286309f,-0.015624999999999962f,0f,0f,0f,1f], start_interpolation: 0, interpolation_duration: 1 }