# This file was generated by Animated Java via MC-Build. It is not recommended to edit this file directly.
$data merge entity $(bone_wheel2) { transformation: [-1f,1.202954937448142e-16f,2.2947592712743156e-17f,-0.3125f,0f,0.18738131458572516f,-0.9822872507286886f,1.5f,-1.2246467991473532e-16f,-0.9822872507286886f,-0.18738131458572516f,-0.015625000000000038f,0f,0f,0f,1f], start_interpolation: 0, interpolation_duration: 1 }
$data merge entity $(bone_wheel3) { transformation: [-1f,-2.06761337656471e-17f,1.2070664985461092e-16f,1.9135106236677394e-18f,0f,0.985644595148998f,0.16883344471273373f,1.5f,-1.2246467991473532e-16f,0.16883344471273373f,-0.985644595148998f,-0.015625f,0f,0f,0f,1f], start_interpolation: 0, interpolation_duration: 1 }
$data merge entity $(bone_wheel4) { transformation: [-1f,6.167605418595772e-17f,-1.0580010475736488e-16f,0.3125f,0f,-0.8639234171928349f,-0.5036232016357614f,1.5f,-1.2246467991473532e-16f,-0.5036232016357614f,0.8639234171928349f,-0.015624999999999962f,0f,0f,0f,1f], start_interpolation: 0, interpolation_duration: 1 }