# This file was generated by Animated Java via MC-Build. It is not recommended to edit this file directly.
$data merge entity $(bone_wheel2) { transformation: [-1f,1.215289125910066e-16f,1.5110302150058284e-17f,-0.3125f,0f,0.12338498055585223f,-0.9923588799286435f,1.5f,-1.2246467991473532e-16f,-0.9923588799286435f,-0.12338498055585223f,-0.015625000000000038f,0f,0f,0f,1f], start_interpolation: 0, interpolation_duration: 1 }
$data merge entity $(bone_wheel3) { transformation: [-1f,-1.3605869223882426e-17f,1.217065246783474e-16f,1.9135106236677394e-18f,0f,0.9938091926838353f,0.1111003534517492f,1.5f,-1.2246467991473532e-16f,0.1111003534517492f,-0.9938091926838353f,-0.015625f,0f,0f,0f,1f], start_interpolation: 0, interpolation_duration: 1 }
$data merge entity $(bone_wheel4) { transformation: [-1f,4.1573915412062795e-17f,-1.1519204566257703e-16f,0.3125f,0f,-0.9406144346498779f,-0.3394767817219477f,1.5f,-1.2246467991473532e-16f,-0.3394767817219477f,0.9406144346498779f,-0.015624999999999962f,0f,0f,0f,1f], start_interpolation: 0, interpolation_duration: 1 }