# This file was generated by Animated Java via MC-Build. It is not recommended to edit this file directly.
$data merge entity $(bone_wheel2) { transformation: [-1f,3.8300754217815534e-17f,-1.1632132243473275e-16f,-0.3125f,0f,-0.9498356792809175f,-0.3127493922695263f,1.5f,-1.2246467991473532e-16f,-0.3127493922695263f,0.9498356792809175f,-0.015625000000000038f,0f,0f,0f,1f], start_interpolation: 0, interpolation_duration: 1 }
$data merge entity $(bone_wheel3) { transformation: [-1f,3.082822353212812e-17f,-1.1852096211418351e-16f,1.9135106236677394e-18f,0f,-0.9677971003288657f,-0.2517315486684971f,1.5f,-1.2246467991473532e-16f,-0.2517315486684971f,0.9677971003288657f,-0.015625f,0f,0f,0f,1f], start_interpolation: 0, interpolation_duration: 1 }
$data merge entity $(bone_wheel4) { transformation: [-1f,1.9395157996137933e-17f,-1.209190872977605e-16f,0.3125f,0f,-0.9873792785148263f,-0.15837348376398483f,1.5f,-1.2246467991473532e-16f,-0.15837348376398483f,0.9873792785148263f,-0.015624999999999962f,0f,0f,0f,1f], start_interpolation: 0, interpolation_duration: 1 }