# This file was generated by Animated Java via MC-Build. It is not recommended to edit this file directly.
$data merge entity $(bone_wheel2) { transformation: [-1f,5.89978094966143e-17f,-1.0731661707871612e-16f,-0.3125f,0f,-0.8763066800438635f,-0.4817536741017154f,1.5f,-1.2246467991473532e-16f,-0.4817536741017154f,0.8763066800438635f,-0.015625000000000038f,0f,0f,0f,1f], start_interpolation: 0, interpolation_duration: 1 }
$data merge entity $(bone_wheel3) { transformation: [-1f,4.792945083627422e-17f,-1.126958986350069e-16f,1.9135106236677394e-18f,0f,-0.9202318473658704f,-0.39137366683720215f,1.5f,-1.2246467991473532e-16f,-0.39137366683720215f,0.9202318473658704f,-0.015625f,0f,0f,0f,1f], start_interpolation: 0, interpolation_duration: 1 }
$data merge entity $(bone_wheel4) { transformation: [-1f,3.0455727429675563e-17f,-1.1861722679842034e-16f,0.3125f,0f,-0.9685831611286313f,-0.2486898871648546f,1.5f,-1.2246467991473532e-16f,-0.2486898871648546f,0.9685831611286313f,-0.015624999999999962f,0f,0f,0f,1f], start_interpolation: 0, interpolation_duration: 1 }