# This file was generated by Animated Java via MC-Build. It is not recommended to edit this file directly.
$data merge entity $(bone_wheel2) { transformation: [-1f,6.683343174306372e-17f,-1.0262012584314943e-16f,-0.3125f,0f,-0.8379569187997515f,-0.5457363852957094f,1.5f,-1.2246467991473532e-16f,-0.5457363852957094f,0.8379569187997515f,-0.015625000000000038f,0f,0f,0f,1f], start_interpolation: 0, interpolation_duration: 1 }
$data merge entity $(bone_wheel3) { transformation: [-1f,5.456694531755981e-17f,-1.0963597176715774e-16f,1.9135106236677394e-18f,0f,-0.8952456483248115f,-0.4455729223768963f,1.5f,-1.2246467991473532e-16f,-0.4455729223768963f,0.8952456483248115f,-0.015625f,0f,0f,0f,1f], start_interpolation: 0, interpolation_duration: 1 }
$data merge entity $(bone_wheel4) { transformation: [-1f,3.4858693050854836e-17f,-1.1739876211189308e-16f,0.3125f,0f,-0.9586336419090848f,-0.2846428298765392f,1.5f,-1.2246467991473532e-16f,-0.2846428298765392f,0.9586336419090848f,-0.015624999999999962f,0f,0f,0f,1f], start_interpolation: 0, interpolation_duration: 1 }