# This file was generated by Animated Java via MC-Build. It is not recommended to edit this file directly.
$data merge entity $(bone_wheel2) { transformation: [-1f,6.561985693684139e-17f,-1.0340034913967672e-16f,-0.3125f,0f,-0.8443279255020146f,-0.5358267949789971f,1.5f,-1.2246467991473532e-16f,-0.5358267949789971f,0.8443279255020146f,-0.015625000000000038f,0f,0f,0f,1f], start_interpolation: 0, interpolation_duration: 1 }
$data merge entity $(bone_wheel3) { transformation: [-1f,5.353124244859065e-17f,-1.1014537624670761e-16f,1.9135106236677394e-18f,0f,-0.8994052515663709f,-0.43711576665093305f,1.5f,-1.2246467991473532e-16f,-0.43711576665093305f,0.8994052515663709f,-0.015625f,0f,0f,0f,1f], start_interpolation: 0, interpolation_duration: 1 }
$data merge entity $(bone_wheel4) { transformation: [-1f,3.41665565001522e-17f,-1.1760205884056826e-16f,0.3125f,0f,-0.9602936856769428f,-0.27899110603922933f,1.5f,-1.2246467991473532e-16f,-0.27899110603922933f,0.9602936856769428f,-0.015624999999999962f,0f,0f,0f,1f], start_interpolation: 0, interpolation_duration: 1 }