# This file was generated by Animated Java via MC-Build. It is not recommended to edit this file directly.
$data merge entity $(bone_wheel2) { transformation: [-1f,1.534889433113123e-17f,-1.2149900933518075e-16f,-0.3125f,0f,-0.9921147013144778f,-0.12533323356430384f,1.5f,-1.2246467991473532e-16f,-0.12533323356430384f,0.9921147013144778f,-0.015625000000000038f,0f,0f,0f,1f], start_interpolation: 0, interpolation_duration: 1 }
$data merge entity $(bone_wheel3) { transformation: [-1f,1.2290765284947948e-17f,-1.218463578254553e-16f,1.9135106236677394e-18f,0f,-0.9949510169813001f,-0.10036171485121471f,1.5f,-1.2246467991473532e-16f,-0.10036171485121471f,0.9949510169813001f,-0.015625f,0f,0f,0f,1f], start_interpolation: 0, interpolation_duration: 1 }
$data merge entity $(bone_wheel4) { transformation: [-1f,7.689620875837241e-18f,-1.2222302384331878e-16f,0.3125f,0f,-0.9980267284282718f,-0.0627905195293129f,1.5f,-1.2246467991473532e-16f,-0.0627905195293129f,0.9980267284282718f,-0.015624999999999962f,0f,0f,0f,1f], start_interpolation: 0, interpolation_duration: 1 }