# This file was generated by Animated Java via MC-Build. It is not recommended to edit this file directly.
$data merge entity $(bone_wheel2) { transformation: [-1f,-1.0997665962012948e-16f,5.38770096183591e-17f,-0.3125f,0f,0.43993916985591575f,0.8980275757606153f,1.5f,-1.2246467991473532e-16f,0.8980275757606153f,-0.43993916985591575f,-0.015625000000000038f,0f,0f,0f,1f], start_interpolation: 0, interpolation_duration: 1 }
$data merge entity $(bone_wheel3) { transformation: [-1f,-1.2231000170977282e-16f,6.153154343419587e-18f,1.9135106236677394e-18f,0f,0.05024431817976949f,0.9987369566060175f,1.5f,-1.2246467991473532e-16f,0.9987369566060175f,-0.05024431817976949f,-0.015625f,0f,0f,0f,1f], start_interpolation: 0, interpolation_duration: 1 }
$data merge entity $(bone_wheel4) { transformation: [-1f,-1.0391253188209315e-16f,-6.480573697190363e-17f,0.3125f,0f,-0.5291790009741903f,0.848510214981504f,1.5f,-1.2246467991473532e-16f,0.848510214981504f,0.5291790009741903f,-0.015624999999999962f,0f,0f,0f,1f], start_interpolation: 0, interpolation_duration: 1 }