# This file was generated by Animated Java via MC-Build. It is not recommended to edit this file directly.
$data merge entity $(bone_wheel2) { transformation: [-1f,1.3820921049865051e-17f,-1.216822911024935e-16f,-0.3125f,0f,-0.9936113105200084f,-0.1128563848734812f,1.5f,-1.2246467991473532e-16f,-0.1128563848734812f,0.9936113105200084f,-0.015625000000000038f,0f,0f,0f,1f], start_interpolation: 0, interpolation_duration: 1 }
$data merge entity $(bone_wheel3) { transformation: [-1f,-2.06761337656471e-17f,1.2070664985461092e-16f,1.9135106236677394e-18f,0f,0.985644595148998f,0.16883344471273373f,1.5f,-1.2246467991473532e-16f,0.16883344471273373f,-0.985644595148998f,-0.015625f,0f,0f,0f,1f], start_interpolation: 0, interpolation_duration: 1 }
$data merge entity $(bone_wheel4) { transformation: [-1f,1.169371808343271e-16f,3.637710220919829e-17f,0.3125f,0f,0.29704158157703464f,-0.9548645447466431f,1.5f,-1.2246467991473532e-16f,-0.9548645447466431f,-0.29704158157703464f,-0.015624999999999962f,0f,0f,0f,1f], start_interpolation: 0, interpolation_duration: 1 }