# This file was generated by Animated Java via MC-Build. It is not recommended to edit this file directly.
$data merge entity $(bone_wheel2) { transformation: [-1f,-1.114558363884275e-16f,5.0746372890825006e-17f,-0.3125f,0f,0.414375580993284f,0.9101059706849958f,1.5f,-1.2246467991473532e-16f,0.9101059706849958f,-0.414375580993284f,-0.015625000000000038f,0f,0f,0f,1f], start_interpolation: 0, interpolation_duration: 1 }
$data merge entity $(bone_wheel3) { transformation: [-1f,1.7636234389532166e-17f,-1.2118812261593977e-16f,1.9135106236677394e-18f,0f,-0.9895761186026506f,-0.1440107825522526f,1.5f,-1.2246467991473532e-16f,-0.1440107825522526f,0.9895761186026506f,-0.015625f,0f,0f,0f,1f], start_interpolation: 0, interpolation_duration: 1 }
$data merge entity $(bone_wheel4) { transformation: [-1f,7.073225625209633e-17f,9.997272504091482e-17f,0.3125f,0f,0.816339250717184f,-0.5775727034222674f,1.5f,-1.2246467991473532e-16f,-0.5775727034222674f,-0.816339250717184f,-0.015624999999999962f,0f,0f,0f,1f], start_interpolation: 0, interpolation_duration: 1 }