# This file was generated by Animated Java via MC-Build. It is not recommended to edit this file directly.
$data merge entity $(bone_wheel2) { transformation: [-1f,-1.2184635782545533e-16f,-1.229076528494796e-17f,-0.3125f,0f,-0.10036171485121481f,0.9949510169813003f,1.5f,-1.2246467991473532e-16f,0.9949510169813003f,0.10036171485121481f,-0.015625000000000038f,0f,0f,0f,1f], start_interpolation: 0, interpolation_duration: 1 }
$data merge entity $(bone_wheel3) { transformation: [-1f,9.862177245642484e-17f,-7.260402071629188e-17f,1.9135106236677394e-18f,0f,-0.5928568201610589f,-0.8053078857111222f,1.5f,-1.2246467991473532e-16f,-0.8053078857111222f,0.5928568201610589f,-0.015625f,0f,0f,0f,1f], start_interpolation: 0, interpolation_duration: 1 }
$data merge entity $(bone_wheel4) { transformation: [-1f,-8.713798895734958e-17f,8.604980364351449e-17f,0.3125f,0f,0.7026499697988491f,0.7115356772092855f,1.5f,-1.2246467991473532e-16f,0.7115356772092855f,-0.7026499697988491f,-0.015624999999999962f,0f,0f,0f,1f], start_interpolation: 0, interpolation_duration: 1 }