# This file was generated by Animated Java via MC-Build. It is not recommended to edit this file directly.
$data merge entity $(bone_wheel2) { transformation: [-1f,1.79693005879131e-17f,-1.2113918467201188e-16f,-0.3125f,0f,-0.9891765099647809f,-0.14673047445536155f,1.5f,-1.2246467991473532e-16f,-0.14673047445536155f,0.9891765099647809f,-0.015625000000000038f,0f,0f,0f,1f], start_interpolation: 0, interpolation_duration: 1 }
$data merge entity $(bone_wheel3) { transformation: [-1f,-2.6832163244732613e-17f,1.1948904904729386e-16f,1.9135106236677394e-18f,0f,0.9757021300385286f,0.2191012401568698f,1.5f,-1.2246467991473532e-16f,0.2191012401568698f,-0.9757021300385286f,-0.015625f,0f,0f,0f,1f], start_interpolation: 0, interpolation_duration: 1 }
$data merge entity $(bone_wheel4) { transformation: [-1f,7.769077048515866e-17f,-9.466647774181192e-17f,0.3125f,0f,-0.7730104533627362f,-0.6343932841636462f,1.5f,-1.2246467991473532e-16f,-0.6343932841636462f,0.7730104533627362f,-0.015624999999999962f,0f,0f,0f,1f], start_interpolation: 0, interpolation_duration: 1 }