# This file was generated by Animated Java via MC-Build. It is not recommended to edit this file directly.
$data merge entity $(bone_wheel2) { transformation: [-1f,4.615716156601407e-18f,-1.223776654090944e-16f,-0.3125f,0f,-0.999289472640589f,-0.03769018266993429f,1.5f,-1.2246467991473532e-16f,-0.03769018266993429f,0.999289472640589f,-0.015625000000000038f,0f,0f,0f,1f], start_interpolation: 0, interpolation_duration: 1 }
$data merge entity $(bone_wheel3) { transformation: [-1f,-6.921524234591024e-18f,1.222689262604712e-16f,1.9135106236677394e-18f,0f,0.998401550108975f,0.056518534482024194f,1.5f,-1.2246467991473532e-16f,0.056518534482024194f,-0.998401550108975f,-0.015625f,0f,0f,0f,1f], start_interpolation: 0, interpolation_duration: 1 }
$data merge entity $(bone_wheel4) { transformation: [-1f,2.1434142895104945e-17f,-1.2057435608358354e-16f,0.3125f,0f,-0.9845643345292054f,-0.1750230589752754f,1.5f,-1.2246467991473532e-16f,-0.1750230589752754f,0.9845643345292054f,-0.015624999999999962f,0f,0f,0f,1f], start_interpolation: 0, interpolation_duration: 1 }