# This file was generated by Animated Java via MC-Build. It is not recommended to edit this file directly.
$data merge entity $(bone_wheel2) { transformation: [-1f,-1.2054053867188276e-16f,2.1623514129551614e-17f,-0.3125f,0f,0.1765693924534547f,0.9842881944068099f,1.5f,-1.2246467991473532e-16f,0.9842881944068099f,-0.1765693924534547f,-0.015625000000000038f,0f,0f,0f,1f], start_interpolation: 0, interpolation_duration: 1 }
$data merge entity $(bone_wheel3) { transformation: [-1f,6.075971656730431e-17f,-1.063289926091629e-16f,1.9135106236677394e-18f,0f,-0.8682421142421903f,-0.4961407371464784f,1.5f,-1.2246467991473532e-16f,-0.4961407371464784f,0.8682421142421903f,-0.015625f,0f,0f,0f,1f], start_interpolation: 0, interpolation_duration: 1 }
$data merge entity $(bone_wheel4) { transformation: [-1f,-1.168223219238714e-16f,3.674429107948511e-17f,0.3125f,0f,0.3000399062412764f,0.9539266505673935f,1.5f,-1.2246467991473532e-16f,0.9539266505673935f,-0.3000399062412764f,-0.015624999999999962f,0f,0f,0f,1f], start_interpolation: 0, interpolation_duration: 1 }