# This file was generated by Animated Java via MC-Build. It is not recommended to edit this file directly.
$data merge entity $(bone_wheel2) { transformation: [-1f,1.1668571439963932e-17f,-1.2190751522022358e-16f,-0.3125f,0f,-0.9954504050073893f,-0.09528111654795526f,1.5f,-1.2246467991473532e-16f,-0.09528111654795526f,0.9954504050073893f,-0.015625000000000038f,0f,0f,0f,1f], start_interpolation: 0, interpolation_duration: 1 }
$data merge entity $(bone_wheel3) { transformation: [-1f,3.270923964796137e-17f,-1.1801569161883015e-16f,1.9135106236677394e-18f,0f,-0.9636712536300038f,-0.26709121087594245f,1.5f,-1.2246467991473532e-16f,-0.26709121087594245f,0.9636712536300038f,-0.015625f,0f,0f,0f,1f], start_interpolation: 0, interpolation_duration: 1 }
$data merge entity $(bone_wheel4) { transformation: [-1f,-7.785612232747514e-18f,1.2221694673317555e-16f,0.3125f,0f,0.9979771050581093f,0.06357434844208273f,1.5f,-1.2246467991473532e-16f,0.06357434844208273f,-0.9979771050581093f,-0.015624999999999962f,0f,0f,0f,1f], start_interpolation: 0, interpolation_duration: 1 }