# This file was generated by Animated Java via MC-Build. It is not recommended to edit this file directly.
$data merge entity $(bone_wheel2) { transformation: [-1f,1.79693005879131e-17f,-1.2113918467201188e-16f,-0.3125f,0f,-0.9891765099647809f,-0.14673047445536155f,1.5f,-1.2246467991473532e-16f,-0.14673047445536155f,0.9891765099647809f,-0.015625000000000038f,0f,0f,0f,1f], start_interpolation: 0, interpolation_duration: 1 }
$data merge entity $(bone_wheel3) { transformation: [-1f,4.9627747807847813e-17f,-1.1195840510716127e-16f,1.9135106236677394e-18f,0f,-0.9142097557035307f,-0.4052413140049897f,1.5f,-1.2246467991473532e-16f,-0.4052413140049897f,0.9142097557035307f,-0.015625f,0f,0f,0f,1f], start_interpolation: 0, interpolation_duration: 1 }
$data merge entity $(bone_wheel4) { transformation: [-1f,-1.2003637716617333e-17f,1.2187497900794394e-16f,0.3125f,0f,0.9951847266721969f,0.0980171403295606f,1.5f,-1.2246467991473532e-16f,0.0980171403295606f,-0.9951847266721969f,-0.015624999999999962f,0f,0f,0f,1f], start_interpolation: 0, interpolation_duration: 1 }