# This file was generated by Animated Java via MC-Build. It is not recommended to edit this file directly.
$data merge entity $(bone_wheel2) { transformation: [-1f,9.081001358089947e-18f,-1.221275285959433e-16f,-0.3125f,0f,-0.997246950557281f,-0.07415200337282957f,1.5f,-1.2246467991473532e-16f,-0.07415200337282957f,0.997246950557281f,-0.015625000000000038f,0f,0f,0f,1f], start_interpolation: 0, interpolation_duration: 1 }
$data merge entity $(bone_wheel3) { transformation: [-1f,2.55637512726033e-17f,-1.19766825321084e-16f,1.9135106236677394e-18f,0f,-0.9779703454454813f,-0.20874387039921863f,1.5f,-1.2246467991473532e-16f,-0.20874387039921863f,0.9779703454454813f,-0.015625f,0f,0f,0f,1f], start_interpolation: 0, interpolation_duration: 1 }
$data merge entity $(bone_wheel4) { transformation: [-1f,-6.057090404800202e-18f,1.2231479666191926e-16f,0.3125f,0f,0.9987761103616126f,0.04945989659236756f,1.5f,-1.2246467991473532e-16f,0.04945989659236756f,-0.9987761103616126f,-0.015624999999999962f,0f,0f,0f,1f], start_interpolation: 0, interpolation_duration: 1 }