# This file was generated by Animated Java via MC-Build. It is not recommended to edit this file directly.
$data merge entity $(bone_wheel2) { transformation: [-1f,-1.114558363884275e-16f,5.0746372890825006e-17f,-0.3125f,0f,0.414375580993284f,0.9101059706849958f,1.5f,-1.2246467991473532e-16f,0.9101059706849958f,-0.414375580993284f,-0.015625000000000038f,0f,0f,0f,1f], start_interpolation: 0, interpolation_duration: 1 }
$data merge entity $(bone_wheel3) { transformation: [-1f,7.135900308197572e-17f,-9.952633071587216e-17f,1.9135106236677394e-18f,0f,-0.8126941644330943f,-0.5826904796685758f,1.5f,-1.2246467991473532e-16f,-0.5826904796685758f,0.8126941644330943f,-0.015625f,0f,0f,0f,1f], start_interpolation: 0, interpolation_duration: 1 }
$data merge entity $(bone_wheel4) { transformation: [-1f,1.1899056916639516e-16f,2.8962773970666397e-17f,0.3125f,0f,0.2364989970237248f,-0.971631732914674f,1.5f,-1.2246467991473532e-16f,-0.971631732914674f,-0.2364989970237248f,-0.015624999999999962f,0f,0f,0f,1f], start_interpolation: 0, interpolation_duration: 1 }