# This file was generated by Animated Java via MC-Build. It is not recommended to edit this file directly.
$data merge entity $(bone_wheel2) { transformation: [-1f,-1.2184635782545533e-16f,-1.229076528494796e-17f,-0.3125f,0f,-0.10036171485121481f,0.9949510169813003f,1.5f,-1.2246467991473532e-16f,0.9949510169813003f,0.10036171485121481f,-0.015625000000000038f,0f,0f,0f,1f], start_interpolation: 0, interpolation_duration: 1 }
$data merge entity $(bone_wheel3) { transformation: [-1f,1.0461881223143635e-16f,6.36592644781735e-17f,1.9135106236677394e-18f,0f,0.5198173426207096f,-0.8542774316992952f,1.5f,-1.2246467991473532e-16f,-0.8542774316992952f,-0.5198173426207096f,-0.015625f,0f,0f,0f,1f], start_interpolation: 0, interpolation_duration: 1 }
$data merge entity $(bone_wheel4) { transformation: [-1f,1.0171866093350695e-16f,6.819759412554685e-17f,0.3125f,0f,0.5568756164881881f,-0.8305958991958126f,1.5f,-1.2246467991473532e-16f,-0.8305958991958126f,-0.5568756164881881f,-0.015624999999999962f,0f,0f,0f,1f], start_interpolation: 0, interpolation_duration: 1 }