# This file was generated by Animated Java via MC-Build. It is not recommended to edit this file directly.
$data merge entity $(bone_wheel2) { transformation: [-1f,-9.484926936022094e-17f,-7.746750240230309e-17f,-0.3125f,0f,-0.6325701619131245f,0.7745030601987339f,1.5f,-1.2246467991473532e-16f,0.7745030601987339f,0.6325701619131245f,-0.015625000000000038f,0f,0f,0f,1f], start_interpolation: 0, interpolation_duration: 1 }
$data merge entity $(bone_wheel3) { transformation: [-1f,-7.229383350392099e-17f,9.884937766079222e-17f,1.9135106236677394e-18f,0f,0.8071664232464005f,0.5903239493562942f,1.5f,-1.2246467991473532e-16f,0.5903239493562942f,-0.8071664232464005f,-0.015625f,0f,0f,0f,1f], start_interpolation: 0, interpolation_duration: 1 }
$data merge entity $(bone_wheel4) { transformation: [-1f,6.819759412554684e-17f,1.0171866093350696e-16f,0.3125f,0f,0.8305958991958127f,-0.556875616488188f,1.5f,-1.2246467991473532e-16f,-0.556875616488188f,-0.8305958991958127f,-0.015624999999999962f,0f,0f,0f,1f], start_interpolation: 0, interpolation_duration: 1 }