# This file was generated by Animated Java via MC-Build. It is not recommended to edit this file directly.
$data merge entity $(bone_wheel2) { transformation: [-1f,-6.994489882867852e-17f,-1.005251657768566e-16f,-0.3125f,0f,-0.8208502716607444f,0.5711434421530917f,1.5f,-1.2246467991473532e-16f,0.5711434421530917f,0.8208502716607444f,-0.015625000000000038f,0f,0f,0f,1f], start_interpolation: 0, interpolation_duration: 1 }
$data merge entity $(bone_wheel3) { transformation: [-1f,-1.2106043289725007e-16f,1.8492415022083818e-17f,1.9135106236677394e-18f,0f,0.15100202797213824f,0.9885334529232188f,1.5f,-1.2246467991473532e-16f,0.9885334529232188f,-0.15100202797213824f,-0.015625f,0f,0f,0f,1f], start_interpolation: 0, interpolation_duration: 1 }
$data merge entity $(bone_wheel4) { transformation: [-1f,4.828325833897101e-17f,1.1254476794054337e-16f,0.3125f,0f,0.9189977715934213f,-0.39426272434295095f,1.5f,-1.2246467991473532e-16f,-0.39426272434295095f,-0.9189977715934213f,-0.015624999999999962f,0f,0f,0f,1f], start_interpolation: 0, interpolation_duration: 1 }