# This file was generated by Animated Java via MC-Build. It is not recommended to edit this file directly.
$data merge entity $(bone_wheel2) { transformation: [-1f,-1.839732868667601e-17f,-1.2107491946647324e-16f,-0.3125f,0f,-0.988651744737914f,0.15022558912075668f,1.5f,-1.2246467991473532e-16f,0.15022558912075668f,0.988651744737914f,-0.015625000000000038f,0f,0f,0f,1f], start_interpolation: 0, interpolation_duration: 1 }
$data merge entity $(bone_wheel3) { transformation: [-1f,-5.074637289082504e-17f,-1.114558363884275e-16f,1.9135106236677394e-18f,0f,-0.9101059706849957f,0.4143755809932843f,1.5f,-1.2246467991473532e-16f,0.4143755809932843f,0.9101059706849957f,-0.015625f,0f,0f,0f,1f], start_interpolation: 0, interpolation_duration: 1 }
$data merge entity $(bone_wheel4) { transformation: [-1f,1.2290765284947978e-17f,1.218463578254553e-16f,0.3125f,0f,0.9949510169813002f,-0.10036171485121496f,1.5f,-1.2246467991473532e-16f,-0.10036171485121496f,-0.9949510169813002f,-0.015624999999999962f,0f,0f,0f,1f], start_interpolation: 0, interpolation_duration: 1 }