# This file was generated by Animated Java via MC-Build. It is not recommended to edit this file directly.
$data merge entity $(bone_wheel2) { transformation: [-1f,7.86553026410672e-18f,1.2221182946132097e-16f,-0.3125f,0f,0.997935319362363f,-0.06422692869146442f,1.5f,-1.2246467991473532e-16f,-0.06422692869146442f,-0.997935319362363f,-0.015625000000000038f,0f,0f,0f,1f], start_interpolation: 0, interpolation_duration: 1 }
$data merge entity $(bone_wheel3) { transformation: [-1f,2.6473681547737995e-17f,1.1956898432255554e-16f,1.9135106236677394e-18f,0f,0.9763548510950596f,-0.2161740149581904f,1.5f,-1.2246467991473532e-16f,-0.2161740149581904f,-0.9763548510950596f,-0.015625f,0f,0f,0f,1f], start_interpolation: 0, interpolation_duration: 1 }
$data merge entity $(bone_wheel4) { transformation: [-1f,5.40616690499915e-17f,1.0988600350430334e-16f,0.3125f,0f,0.8972873123974215f,-0.44144702854432266f,1.5f,-1.2246467991473532e-16f,-0.44144702854432266f,-0.8972873123974215f,-0.015624999999999962f,0f,0f,0f,1f], start_interpolation: 0, interpolation_duration: 1 }