# This file was generated by Animated Java via MC-Build. It is not recommended to edit this file directly.
$data merge entity $(bone_wheel2) { transformation: [-1f,-1.7759640622659654e-17f,1.2117009941224176e-16f,-0.3125f,0f,0.989428947975899f,0.14501847091769324f,1.5f,-1.2246467991473532e-16f,0.14501847091769324f,-0.989428947975899f,-0.015625000000000038f,0f,0f,0f,1f], start_interpolation: 0, interpolation_duration: 1 }
$data merge entity $(bone_wheel3) { transformation: [-1f,-2.041830264404173e-17f,1.207505310288733e-16f,1.9135106236677394e-18f,0f,0.9860029121289872f,0.16672809383291368f,1.5f,-1.2246467991473532e-16f,0.16672809383291368f,-0.9860029121289872f,-0.015625f,0f,0f,0f,1f], start_interpolation: 0, interpolation_duration: 1 }
$data merge entity $(bone_wheel4) { transformation: [-1f,9.281955032067152e-18f,1.221124200783903e-16f,0.3125f,0f,0.9971235801490661f,-0.07579291464714243f,1.5f,-1.2246467991473532e-16f,-0.07579291464714243f,-0.9971235801490661f,-0.015624999999999962f,0f,0f,0f,1f], start_interpolation: 0, interpolation_duration: 1 }