# This file was generated by Animated Java via MC-Build. It is not recommended to edit this file directly.
$data merge entity $(bone_wheel2) { transformation: [-1f,-3.7417854214655397e-17f,1.166083273724024e-16f,-0.3125f,0f,0.9521792524472334f,0.3055399666312537f,1.5f,-1.2246467991473532e-16f,0.3055399666312537f,-0.9521792524472334f,-0.015625000000000038f,0f,0f,0f,1f], start_interpolation: 0, interpolation_duration: 1 }
$data merge entity $(bone_wheel3) { transformation: [-1f,-5.978547161553063e-17f,1.0687981666492116e-16f,1.9135106236677394e-18f,0f,0.8727399339902333f,0.4881854233984492f,1.5f,-1.2246467991473532e-16f,0.4881854233984492f,-0.8727399339902333f,-0.015625f,0f,0f,0f,1f], start_interpolation: 0, interpolation_duration: 1 }
$data merge entity $(bone_wheel4) { transformation: [-1f,-5.178495554461897e-17f,1.1097709766370904e-16f,0.3125f,0f,0.9061967723344855f,0.42285625194687704f,1.5f,-1.2246467991473532e-16f,0.42285625194687704f,-0.9061967723344855f,-0.015624999999999962f,0f,0f,0f,1f], start_interpolation: 0, interpolation_duration: 1 }