# This file was generated by Animated Java via MC-Build. It is not recommended to edit this file directly.
$data merge entity $(bone_wheel2) { transformation: [-1f,-6.107766216592835e-17f,1.061466768719742e-16f,-0.3125f,0f,0.8667533932712489f,0.49873695998269046f,1.5f,-1.2246467991473532e-16f,0.49873695998269046f,-0.8667533932712489f,-0.015625000000000038f,0f,0f,0f,1f], start_interpolation: 0, interpolation_duration: 1 }
$data merge entity $(bone_wheel3) { transformation: [-1f,-1.0120533968987093e-16f,6.895706667830653e-17f,1.9135106236677394e-18f,0f,0.5630771805088384f,0.8264043131483627f,1.5f,-1.2246467991473532e-16f,0.8264043131483627f,-0.5630771805088384f,-0.015625f,0f,0f,0f,1f], start_interpolation: 0, interpolation_duration: 1 }
$data merge entity $(bone_wheel4) { transformation: [-1f,-1.154437370813524e-16f,4.086981031654243e-17f,0.3125f,0f,0.3337273272995739f,0.9426696510514609f,1.5f,-1.2246467991473532e-16f,0.9426696510514609f,-0.3337273272995739f,-0.015624999999999962f,0f,0f,0f,1f], start_interpolation: 0, interpolation_duration: 1 }