# This file was generated by Animated Java via MC-Build. It is not recommended to edit this file directly.
$data merge entity $(bone_wheel2) { transformation: [-1f,1.735326317785639e-17f,1.2122896553092677e-16f,-0.3125f,0f,0.9899096263129181f,-0.14170014725828223f,1.5f,-1.2246467991473532e-16f,-0.14170014725828223f,-0.9899096263129181f,-0.015625000000000038f,0f,0f,0f,1f], start_interpolation: 0, interpolation_duration: 1 }
$data merge entity $(bone_wheel3) { transformation: [-1f,2.636962161506297e-17f,1.1959197666439408e-16f,1.9135106236677394e-18f,0f,0.9765425978139876f,-0.21532430112439382f,1.5f,-1.2246467991473532e-16f,-0.21532430112439382f,-0.9765425978139876f,-0.015625f,0f,0f,0f,1f], start_interpolation: 0, interpolation_duration: 1 }
$data merge entity $(bone_wheel4) { transformation: [-1f,6.337009126334365e-18f,1.223006138249164e-16f,0.3125f,0f,0.9986602987087122f,-0.051745606412774994f,1.5f,-1.2246467991473532e-16f,-0.051745606412774994f,-0.9986602987087122f,-0.015624999999999962f,0f,0f,0f,1f], start_interpolation: 0, interpolation_duration: 1 }