# This file was generated by Animated Java via MC-Build. It is not recommended to edit this file directly.
$data merge entity $(bone_wheel2) { transformation: [-1f,1.7931221842683014e-17f,1.2114482700407419e-16f,-0.3125f,0f,0.9892225831024908f,-0.1464195379040506f,1.5f,-1.2246467991473532e-16f,-0.1464195379040506f,-0.9892225831024908f,-0.015625000000000038f,0f,0f,0f,1f], start_interpolation: 0, interpolation_duration: 1 }
$data merge entity $(bone_wheel3) { transformation: [-1f,3.682607293172371e-17f,1.1679656749684874e-16f,1.9135106236677394e-18f,0f,0.9537163497113377f,-0.3007077057431045f,1.5f,-1.2246467991473532e-16f,-0.3007077057431045f,-0.9537163497113377f,-0.015625f,0f,0f,0f,1f], start_interpolation: 0, interpolation_duration: 1 }
$data merge entity $(bone_wheel4) { transformation: [-1f,3.7971521482373285e-17f,1.164292118968957e-16f,0.3125f,0f,0.9507166635960528f,-0.310061002966819f,1.5f,-1.2246467991473532e-16f,-0.310061002966819f,-0.9507166635960528f,-0.015624999999999962f,0f,0f,0f,1f], start_interpolation: 0, interpolation_duration: 1 }