# This file was generated by Animated Java via MC-Build. It is not recommended to edit this file directly.
$data merge entity $(bone_wheel2) { transformation: [-1f,-5.899780949661428e-17f,1.0731661707871613e-16f,-0.3125f,0f,0.8763066800438636f,0.4817536741017153f,1.5f,-1.2246467991473532e-16f,0.4817536741017153f,-0.8763066800438636f,-0.015625000000000038f,0f,0f,0f,1f], start_interpolation: 0, interpolation_duration: 1 }
$data merge entity $(bone_wheel3) { transformation: [-1f,1.0541049682619842e-16f,-6.23395940432129e-17f,1.9135106236677394e-18f,0f,-0.5090414157503711f,-0.8607420270039436f,1.5f,-1.2246467991473532e-16f,-0.8607420270039436f,0.5090414157503711f,-0.015625f,0f,0f,0f,1f], start_interpolation: 0, interpolation_duration: 1 }
$data merge entity $(bone_wheel4) { transformation: [-1f,1.19997635353073e-16f,2.4457418839474897e-17f,0.3125f,0f,0.19970998051440714f,-0.9798550523842469f,1.5f,-1.2246467991473532e-16f,-0.9798550523842469f,-0.19970998051440714f,-0.015624999999999962f,0f,0f,0f,1f], start_interpolation: 0, interpolation_duration: 1 }