# This file was generated by Animated Java via MC-Build. It is not recommended to edit this file directly.
$data merge entity $(bone_wheel2) { transformation: [-1f,-1.0731661707871612e-16f,-5.899780949661427e-17f,-0.3125f,0f,-0.4817536741017152f,0.8763066800438635f,1.5f,-1.2246467991473532e-16f,0.8763066800438635f,0.4817536741017152f,-0.015625000000000038f,0f,0f,0f,1f], start_interpolation: 0, interpolation_duration: 1 }
$data merge entity $(bone_wheel3) { transformation: [-1f,-1.1861722679842032e-16f,-3.0455727429675594e-17f,1.9135106236677394e-18f,0f,-0.24868988716485485f,0.9685831611286312f,1.5f,-1.2246467991473532e-16f,0.9685831611286312f,0.24868988716485485f,-0.015625f,0f,0f,0f,1f], start_interpolation: 0, interpolation_duration: 1 }
$data merge entity $(bone_wheel4) { transformation: [-1f,-1.1999763535307302e-16f,-2.4457418839474897e-17f,0.3125f,0f,-0.19970998051440714f,0.979855052384247f,1.5f,-1.2246467991473532e-16f,0.979855052384247f,0.19970998051440714f,-0.015624999999999962f,0f,0f,0f,1f], start_interpolation: 0, interpolation_duration: 1 }