# This file was generated by Animated Java via MC-Build. It is not recommended to edit this file directly.
$data merge entity $(bone_wheel2) { transformation: [-1f,-1.0340034913967675e-16f,-6.561985693684138e-17f,-0.3125f,0f,-0.535826794978997f,0.844327925502015f,1.5f,-1.2246467991473532e-16f,0.844327925502015f,0.535826794978997f,-0.015625000000000038f,0f,0f,0f,1f], start_interpolation: 0, interpolation_duration: 1 }
$data merge entity $(bone_wheel3) { transformation: [-1f,-1.1760205884056826e-16f,-3.4166556500152206e-17f,1.9135106236677394e-18f,0f,-0.2789911060392294f,0.9602936856769428f,1.5f,-1.2246467991473532e-16f,0.9602936856769428f,0.2789911060392294f,-0.015625f,0f,0f,0f,1f], start_interpolation: 0, interpolation_duration: 1 }
$data merge entity $(bone_wheel4) { transformation: [-1f,-1.1934512154411614e-16f,-2.746524695390007e-17f,0.3125f,0f,-0.22427076094938103f,0.974526872786577f,1.5f,-1.2246467991473532e-16f,0.974526872786577f,0.22427076094938103f,-0.015624999999999962f,0f,0f,0f,1f], start_interpolation: 0, interpolation_duration: 1 }