# This file was generated by Animated Java via MC-Build. It is not recommended to edit this file directly.
$data merge entity $(bone_wheel2) { transformation: [-1f,-1.0800420534841997e-16f,-5.772945048824657e-17f,-0.3125f,0f,-0.4713967368259979f,0.8819212643483549f,1.5f,-1.2246467991473532e-16f,0.8819212643483549f,0.4713967368259979f,-0.015625000000000038f,0f,0f,0f,1f], start_interpolation: 0, interpolation_duration: 1 }
$data merge entity $(bone_wheel3) { transformation: [-1f,-1.1879456692975942e-16f,-2.9756489957478005e-17f,1.9135106236677394e-18f,0f,-0.24298017990326382f,0.9700312531945441f,1.5f,-1.2246467991473532e-16f,0.9700312531945441f,0.24298017990326382f,-0.015625f,0f,0f,0f,1f], start_interpolation: 0, interpolation_duration: 1 }
$data merge entity $(bone_wheel4) { transformation: [-1f,-1.2011155542966555e-16f,-2.3891673840167808e-17f,0.3125f,0f,-0.19509032201612841f,0.9807852804032304f,1.5f,-1.2246467991473532e-16f,0.9807852804032304f,0.19509032201612841f,-0.015624999999999962f,0f,0f,0f,1f], start_interpolation: 0, interpolation_duration: 1 }