# This file was generated by Animated Java via MC-Build. It is not recommended to edit this file directly.
$data merge entity $(bone_wheel2) { transformation: [-1f,-1.1386477973655213e-16f,4.508225551328424e-17f,-0.3125f,0f,0.36812455268467825f,0.9297764858882513f,1.5f,-1.2246467991473532e-16f,0.9297764858882513f,-0.36812455268467825f,-0.015625000000000038f,0f,0f,0f,1f], start_interpolation: 0, interpolation_duration: 1 }
$data merge entity $(bone_wheel3) { transformation: [-1f,1.2029549374481423e-16f,-2.294759271274306e-17f,1.9135106236677394e-18f,0f,-0.18738131458572438f,-0.9822872507286888f,1.5f,-1.2246467991473532e-16f,-0.9822872507286888f,0.18738131458572438f,-0.015625f,0f,0f,0f,1f], start_interpolation: 0, interpolation_duration: 1 }
$data merge entity $(bone_wheel4) { transformation: [-1f,1.0876534592456045e-16f,5.628230052626917e-17f,0.3125f,0f,0.4595798606214877f,-0.8881364488135446f,1.5f,-1.2246467991473532e-16f,-0.8881364488135446f,-0.4595798606214877f,-0.015624999999999962f,0f,0f,0f,1f], start_interpolation: 0, interpolation_duration: 1 }