# This file was generated by Animated Java via MC-Build. It is not recommended to edit this file directly.
$data merge entity $(bone_wheel2) { transformation: [-1f,-1.0997665962012949e-16f,-5.387700961835903e-17f,-0.3125f,0f,-0.4399391698559152f,0.8980275757606154f,1.5f,-1.2246467991473532e-16f,0.8980275757606154f,0.4399391698559152f,-0.015625000000000038f,0f,0f,0f,1f], start_interpolation: 0, interpolation_duration: 1 }
$data merge entity $(bone_wheel3) { transformation: [-1f,1.1930183201671618e-16f,2.7652679871466518e-17f,1.9135106236677394e-18f,0f,0.22580126686910373f,-0.9741733869698493f,1.5f,-1.2246467991473532e-16f,-0.9741733869698493f,-0.22580126686910373f,-0.015625f,0f,0f,0f,1f], start_interpolation: 0, interpolation_duration: 1 }
$data merge entity $(bone_wheel4) { transformation: [-1f,8.439210196898089e-17f,8.874441363756768e-17f,0.3125f,0f,0.7246531301870466f,-0.6891138083873486f,1.5f,-1.2246467991473532e-16f,-0.6891138083873486f,-0.7246531301870466f,-0.015624999999999962f,0f,0f,0f,1f], start_interpolation: 0, interpolation_duration: 1 }