# This file was generated by Animated Java via MC-Build. It is not recommended to edit this file directly.
$data merge entity $(bone_wheel2) { transformation: [-1f,1.202954937448142e-16f,2.2947592712743116e-17f,-0.3125f,0f,0.18738131458572482f,-0.9822872507286886f,1.5f,-1.2246467991473532e-16f,-0.9822872507286886f,-0.18738131458572482f,-0.015625000000000038f,0f,0f,0f,1f], start_interpolation: 0, interpolation_duration: 1 }
$data merge entity $(bone_wheel3) { transformation: [-1f,-1.152494446786749e-17f,1.2192117733040124e-16f,1.9135106236677394e-18f,0f,0.99556196460308f,0.09410831331851441f,1.5f,-1.2246467991473532e-16f,0.09410831331851441f,-0.99556196460308f,-0.015625f,0f,0f,0f,1f], start_interpolation: 0, interpolation_duration: 1 }
$data merge entity $(bone_wheel4) { transformation: [-1f,-4.650952537138505e-17f,1.132892840313993e-16f,0.3125f,0f,0.925077206834458f,0.379779095521801f,1.5f,-1.2246467991473532e-16f,0.379779095521801f,-0.925077206834458f,-0.015624999999999962f,0f,0f,0f,1f], start_interpolation: 0, interpolation_duration: 1 }