# This file was generated by Animated Java via MC-Build. It is not recommended to edit this file directly.
$data merge entity $(bone_wheel2) { transformation: [-1f,1.8665767872594127e-17f,1.210338255874985e-16f,-0.3125f,0f,0.9883161877511701f,-0.15241756141925952f,1.5f,-1.2246467991473532e-16f,-0.15241756141925952f,-0.9883161877511701f,-0.015625000000000038f,0f,0f,0f,1f], start_interpolation: 0, interpolation_duration: 1 }
$data merge entity $(bone_wheel3) { transformation: [-1f,3.332604664502329e-17f,1.178429991201527e-16f,1.9135106236677394e-18f,0f,0.9622611123648025f,-0.2721278222278144f,1.5f,-1.2246467991473532e-16f,-0.2721278222278144f,-0.9622611123648025f,-0.015625f,0f,0f,0f,1f], start_interpolation: 0, interpolation_duration: 1 }
$data merge entity $(bone_wheel4) { transformation: [-1f,2.1152594219603194e-17f,1.2062406718561345e-16f,0.3125f,0f,0.9849702564820862f,-0.17272403957067828f,1.5f,-1.2246467991473532e-16f,-0.17272403957067828f,-0.9849702564820862f,-0.015624999999999962f,0f,0f,0f,1f], start_interpolation: 0, interpolation_duration: 1 }