# This file was generated by Animated Java via MC-Build. It is not recommended to edit this file directly.
$data merge entity $(bone_wheel2) { transformation: [-1f,1.4541387361926114e-17f,1.215982971928842e-16f,-0.3125f,0f,0.9929254481989883f,-0.11873943876757277f,1.5f,-1.2246467991473532e-16f,-0.11873943876757277f,-0.9929254481989883f,-0.015625000000000038f,0f,0f,0f,1f], start_interpolation: 0, interpolation_duration: 1 }
$data merge entity $(bone_wheel3) { transformation: [-1f,3.5168972314848466e-17f,1.173061857402925e-16f,1.9135106236677394e-18f,0f,0.957877698467555f,-0.28717645233984584f,1.5f,-1.2246467991473532e-16f,-0.28717645233984584f,-0.957877698467555f,-0.015625f,0f,0f,0f,1f], start_interpolation: 0, interpolation_duration: 1 }
$data merge entity $(bone_wheel4) { transformation: [-1f,5.0666049586796034e-17f,1.1149237303908686e-16f,0.3125f,0f,0.9104043150785368f,-0.4137196914414157f,1.5f,-1.2246467991473532e-16f,-0.4137196914414157f,-0.9104043150785368f,-0.015624999999999962f,0f,0f,0f,1f], start_interpolation: 0, interpolation_duration: 1 }