# This file was generated by Animated Java via MC-Build. It is not recommended to edit this file directly.
$data merge entity $(bone_wheel2) { transformation: [-1f,-9.862177245642479e-17f,7.260402071629193e-17f,-0.3125f,0f,0.5928568201610593f,0.8053078857111219f,1.5f,-1.2246467991473532e-16f,0.8053078857111219f,-0.5928568201610593f,-0.015625000000000038f,0f,0f,0f,1f], start_interpolation: 0, interpolation_duration: 1 }
$data merge entity $(bone_wheel3) { transformation: [-1f,4.2312332367735804e-18f,-1.2239156217613448e-16f,1.9135106236677394e-18f,0f,-0.9994029483549727f,-0.03455064137447246f,1.5f,-1.2246467991473532e-16f,-0.03455064137447246f,0.9994029483549727f,-0.015625f,0f,0f,0f,1f], start_interpolation: 0, interpolation_duration: 1 }
$data merge entity $(bone_wheel4) { transformation: [-1f,1.218463578254553e-16f,1.2290765284947988e-17f,0.3125f,0f,0.10036171485121503f,-0.9949510169813001f,1.5f,-1.2246467991473532e-16f,-0.9949510169813001f,-0.10036171485121503f,-0.015624999999999962f,0f,0f,0f,1f], start_interpolation: 0, interpolation_duration: 1 }