# This file was generated by Animated Java via MC-Build. It is not recommended to edit this file directly.
$data merge entity $(bone_wheel2) { transformation: [-1f,2.0676133765647115e-17f,-1.2070664985461092e-16f,-0.3125f,0f,-0.985644595148998f,-0.16883344471273387f,1.5f,-1.2246467991473532e-16f,-0.16883344471273387f,0.985644595148998f,-0.015625000000000038f,0f,0f,0f,1f], start_interpolation: 0, interpolation_duration: 1 }
$data merge entity $(bone_wheel3) { transformation: [-1f,5.66237186341311e-17f,-1.085879934185236e-16f,1.9135106236677394e-18f,0f,-0.8866882557005562f,-0.4623677510409919f,1.5f,-1.2246467991473532e-16f,-0.4623677510409919f,0.8866882557005562f,-0.015625f,0f,0f,0f,1f], start_interpolation: 0, interpolation_duration: 1 }
$data merge entity $(bone_wheel4) { transformation: [-1f,-1.3820921049865113e-17f,1.216822911024935e-16f,0.3125f,0f,0.9936113105200084f,0.1128563848734817f,1.5f,-1.2246467991473532e-16f,0.1128563848734817f,-0.9936113105200084f,-0.015624999999999962f,0f,0f,0f,1f], start_interpolation: 0, interpolation_duration: 1 }