# This file was generated by Animated Java via MC-Build. It is not recommended to edit this file directly.
$data merge entity $(bone_wheel2) { transformation: [-1f,-1.1314261122877005e-16f,-4.686520405326299e-17f,-0.3125f,0f,-0.38268343236508984f,0.9238795325112868f,1.5f,-1.2246467991473532e-16f,0.9238795325112868f,0.38268343236508984f,-0.015625000000000038f,0f,0f,0f,1f], start_interpolation: 0, interpolation_duration: 1 }
$data merge entity $(bone_wheel3) { transformation: [-1f,2.389167384016779e-17f,1.2011155542966555e-16f,1.9135106236677394e-18f,0f,0.9807852804032304f,-0.19509032201612828f,1.5f,-1.2246467991473532e-16f,-0.19509032201612828f,-0.9807852804032304f,-0.015625f,0f,0f,0f,1f], start_interpolation: 0, interpolation_duration: 1 }
$data merge entity $(bone_wheel4) { transformation: [-1f,8.659560562354934e-17f,8.659560562354932e-17f,0.3125f,0f,0.7071067811865475f,-0.7071067811865476f,1.5f,-1.2246467991473532e-16f,-0.7071067811865476f,-0.7071067811865475f,-0.015624999999999962f,0f,0f,0f,1f], start_interpolation: 0, interpolation_duration: 1 }