# This file was generated by Animated Java via MC-Build. It is not recommended to edit this file directly.
$data merge entity $(bone_wheel2) { transformation: [-1f,-1.176219162342609e-16f,-3.4098132617477584e-17f,-0.3125f,0f,-0.27843238263651227f,0.9604558336016055f,1.5f,-1.2246467991473532e-16f,0.9604558336016055f,0.27843238263651227f,-0.015625000000000038f,0f,0f,0f,1f], start_interpolation: 0, interpolation_duration: 1 }
$data merge entity $(bone_wheel3) { transformation: [-1f,3.7843667304341524e-17f,1.1647083184890923e-16f,1.9135106236677394e-18f,0f,0.9510565162951535f,-0.3090169943749476f,1.5f,-1.2246467991473532e-16f,-0.3090169943749476f,-0.9510565162951535f,-0.015625f,0f,0f,0f,1f], start_interpolation: 0, interpolation_duration: 1 }
$data merge entity $(bone_wheel4) { transformation: [-1f,-5.55978012349343e-17f,1.0911682878666936e-16f,0.3125f,0f,0.891006524188368f,0.4539904997395466f,1.5f,-1.2246467991473532e-16f,0.4539904997395466f,-0.891006524188368f,-0.015624999999999962f,0f,0f,0f,1f], start_interpolation: 0, interpolation_duration: 1 }