# This file was generated by Animated Java via MC-Build. It is not recommended to edit this file directly.
$data merge entity $(bone_wheel2) { transformation: [-1f,3.461102882702525e-17f,-1.1747201585975019e-16f,-0.3125f,0f,-0.9592318041539714f,-0.2826204980172471f,1.5f,-1.2246467991473532e-16f,-0.2826204980172471f,0.9592318041539714f,-0.015625000000000038f,0f,0f,0f,1f], start_interpolation: 0, interpolation_duration: 1 }
$data merge entity $(bone_wheel3) { transformation: [-1f,-7.198293278059964e-17f,9.907600726170918e-17f,1.9135106236677394e-18f,0f,0.8090169943749476f,0.5877852522924729f,1.5f,-1.2246467991473532e-16f,0.5877852522924729f,-0.8090169943749476f,-0.015625f,0f,0f,0f,1f], start_interpolation: 0, interpolation_duration: 1 }
$data merge entity $(bone_wheel4) { transformation: [-1f,-1.2095693648649962e-16f,1.9157696688784763e-17f,0.3125f,0f,0.15643446504023117f,0.9876883405951377f,1.5f,-1.2246467991473532e-16f,0.9876883405951377f,-0.15643446504023117f,-0.015624999999999962f,0f,0f,0f,1f], start_interpolation: 0, interpolation_duration: 1 }