# This file was generated by Animated Java via MC-Build. It is not recommended to edit this file directly.
$data merge entity $(bone_wheel2) { transformation: [-1f,1.1912242583491868e-16f,-2.8415585333103365e-17f,-0.3125f,0f,-0.23203086271802942f,-0.9727084243216603f,1.5f,-1.2246467991473532e-16f,-0.9727084243216603f,0.23203086271802942f,-0.015625000000000038f,0f,0f,0f,1f], start_interpolation: 0, interpolation_duration: 1 }
$data merge entity $(bone_wheel3) { transformation: [-1f,-1.1647083184890923e-16f,3.784366730434153e-17f,1.9135106236677394e-18f,0f,0.3090169943749477f,0.9510565162951535f,1.5f,-1.2246467991473532e-16f,0.9510565162951535f,-0.3090169943749477f,-0.015625f,0f,0f,0f,1f], start_interpolation: 0, interpolation_duration: 1 }
$data merge entity $(bone_wheel4) { transformation: [-1f,-1.0911682878666941e-16f,-5.559780123493422e-17f,0.3125f,0f,-0.45399049973954586f,0.8910065241883685f,1.5f,-1.2246467991473532e-16f,0.8910065241883685f,0.45399049973954586f,-0.015624999999999962f,0f,0f,0f,1f], start_interpolation: 0, interpolation_duration: 1 }