# This file was generated by Animated Java via MC-Build. It is not recommended to edit this file directly.
$data merge entity $(bone_wheel2) { transformation: [-1f,8.391071559333865e-17f,8.919971768583357e-17f,-0.3125f,0f,0.728370969882401f,-0.6851829903263582f,1.5f,-1.2246467991473532e-16f,-0.6851829903263582f,-0.728370969882401f,-0.015625000000000038f,0f,0f,0f,1f], start_interpolation: 0, interpolation_duration: 1 }
$data merge entity $(bone_wheel3) { transformation: [-1f,-1.1647083184890926e-16f,-3.7843667304341475e-17f,1.9135106236677394e-18f,0f,-0.30901699437494723f,0.9510565162951536f,1.5f,-1.2246467991473532e-16f,0.9510565162951536f,0.30901699437494723f,-0.015625f,0f,0f,0f,1f], start_interpolation: 0, interpolation_duration: 1 }
$data merge entity $(bone_wheel4) { transformation: [-1f,-5.559780123493427e-17f,-1.0911682878666936e-16f,0.3125f,0f,-0.891006524188368f,0.4539904997395463f,1.5f,-1.2246467991473532e-16f,0.4539904997395463f,0.891006524188368f,-0.015624999999999962f,0f,0f,0f,1f], start_interpolation: 0, interpolation_duration: 1 }