# This file was generated by Animated Java via MC-Build. It is not recommended to edit this file directly.
$data merge entity $(bone_wheel2) { transformation: [-1f,-3.5634834661567225e-17f,1.1716550851364639e-16f,-0.3125f,0f,0.9567289817376045f,0.2909805070847985f,1.5f,-1.2246467991473532e-16f,0.2909805070847985f,-0.9567289817376045f,-0.015625000000000038f,0f,0f,0f,1f], start_interpolation: 0, interpolation_duration: 1 }
$data merge entity $(bone_wheel3) { transformation: [-1f,-7.198293278059987e-17f,-9.907600726170897e-17f,1.9135106236677394e-18f,0f,-0.8090169943749459f,0.5877852522924748f,1.5f,-1.2246467991473532e-16f,0.5877852522924748f,0.8090169943749459f,-0.015625f,0f,0f,0f,1f], start_interpolation: 0, interpolation_duration: 1 }
$data merge entity $(bone_wheel4) { transformation: [-1f,1.915769668878479e-17f,-1.2095693648649962e-16f,0.3125f,0f,-0.9876883405951378f,-0.1564344650402314f,1.5f,-1.2246467991473532e-16f,-0.1564344650402314f,0.9876883405951378f,-0.015624999999999962f,0f,0f,0f,1f], start_interpolation: 0, interpolation_duration: 1 }