# This file was generated by Animated Java via MC-Build. It is not recommended to edit this file directly.
$data merge entity $(bone_wheel2) { transformation: [-1f,3.6655926765484043e-17f,-1.1685007856044447e-16f,-0.3125f,0f,-0.9541533007051506f,-0.29931835686016023f,1.5f,-1.2246467991473532e-16f,-0.29931835686016023f,0.9541533007051506f,-0.015625000000000038f,0f,0f,0f,1f], start_interpolation: 0, interpolation_duration: 1 }
$data merge entity $(bone_wheel3) { transformation: [-1f,1.164708318489092e-16f,-3.784366730434156e-17f,1.9135106236677394e-18f,0f,-0.3090169943749479f,-0.9510565162951534f,1.5f,-1.2246467991473532e-16f,-0.9510565162951534f,0.3090169943749479f,-0.015625f,0f,0f,0f,1f], start_interpolation: 0, interpolation_duration: 1 }
$data merge entity $(bone_wheel4) { transformation: [-1f,1.0911682878666933e-16f,5.559780123493438e-17f,0.3125f,0f,0.4539904997395472f,-0.8910065241883677f,1.5f,-1.2246467991473532e-16f,-0.8910065241883677f,-0.4539904997395472f,-0.015624999999999962f,0f,0f,0f,1f], start_interpolation: 0, interpolation_duration: 1 }