# This file was generated by Animated Java via MC-Build. It is not recommended to edit this file directly.
$data merge entity $(bone_wheel2) { transformation: [-1f,-8.621693788576073e-17f,-8.697262470583169e-17f,-0.3125f,0f,-0.7101853756232852f,0.7040147244559682f,1.5f,-1.2246467991473532e-16f,0.7040147244559682f,0.7101853756232852f,-0.015625000000000038f,0f,0f,0f,1f], start_interpolation: 0, interpolation_duration: 1 }
$data merge entity $(bone_wheel3) { transformation: [-1f,-7.198293278059966e-17f,-9.907600726170914e-17f,1.9135106236677394e-18f,0f,-0.8090169943749472f,0.5877852522924731f,1.5f,-1.2246467991473532e-16f,0.5877852522924731f,0.8090169943749472f,-0.015625f,0f,0f,0f,1f], start_interpolation: 0, interpolation_duration: 1 }
$data merge entity $(bone_wheel4) { transformation: [-1f,1.915769668878471e-17f,-1.2095693648649962e-16f,0.3125f,0f,-0.9876883405951378f,-0.15643446504023073f,1.5f,-1.2246467991473532e-16f,-0.15643446504023073f,0.9876883405951378f,-0.015624999999999962f,0f,0f,0f,1f], start_interpolation: 0, interpolation_duration: 1 }