# This file was generated by Animated Java via MC-Build. It is not recommended to edit this file directly.
$data merge entity $(bone_wheel2) { transformation: [-1f,1.1960020325686823e-16f,-2.6332284510356944e-17f,-0.3125f,0f,-0.21501942052753908f,-0.9766097730393658f,1.5f,-1.2246467991473532e-16f,-0.9766097730393658f,0.21501942052753908f,-0.015625000000000038f,0f,0f,0f,1f], start_interpolation: 0, interpolation_duration: 1 }
$data merge entity $(bone_wheel3) { transformation: [-1f,1.1647083184890928e-16f,3.784366730434144e-17f,1.9135106236677394e-18f,0f,0.3090169943749469f,-0.9510565162951539f,1.5f,-1.2246467991473532e-16f,-0.9510565162951539f,-0.3090169943749469f,-0.015625f,0f,0f,0f,1f], start_interpolation: 0, interpolation_duration: 1 }
$data merge entity $(bone_wheel4) { transformation: [-1f,5.559780123493428e-17f,1.0911682878666936e-16f,0.3125f,0f,0.891006524188368f,-0.4539904997395464f,1.5f,-1.2246467991473532e-16f,-0.4539904997395464f,-0.891006524188368f,-0.015624999999999962f,0f,0f,0f,1f], start_interpolation: 0, interpolation_duration: 1 }