# This file was generated by Animated Java via MC-Build. It is not recommended to edit this file directly.
$data merge entity $(bone_wheel2) { transformation: [-1f,1.1668902508631768e-16f,3.7165430860186434e-17f,-0.3125f,0f,0.30347877352116914f,-0.9528381992878365f,1.5f,-1.2246467991473532e-16f,-0.9528381992878365f,-0.30347877352116914f,-0.015625000000000038f,0f,0f,0f,1f], start_interpolation: 0, interpolation_duration: 1 }
$data merge entity $(bone_wheel3) { transformation: [-1f,9.90760072617092e-17f,7.198293278059963e-17f,1.9135106236677394e-18f,0f,0.5877852522924728f,-0.8090169943749477f,1.5f,-1.2246467991473532e-16f,-0.8090169943749477f,-0.5877852522924728f,-0.015625f,0f,0f,0f,1f], start_interpolation: 0, interpolation_duration: 1 }
$data merge entity $(bone_wheel4) { transformation: [-1f,1.9157696688784892e-17f,1.209569364864996e-16f,0.3125f,0f,0.9876883405951375f,-0.15643446504023223f,1.5f,-1.2246467991473532e-16f,-0.15643446504023223f,-0.9876883405951375f,-0.015624999999999962f,0f,0f,0f,1f], start_interpolation: 0, interpolation_duration: 1 }