# This file was generated by Animated Java via MC-Build. It is not recommended to edit this file directly.
$data merge entity $(bone_wheel2) { transformation: [-1f,2.5810181168658853e-17f,1.197139606506258e-16f,-0.3125f,0f,0.9775386726521911f,-0.21075612320735176f,1.5f,-1.2246467991473532e-16f,-0.21075612320735176f,-0.9775386726521911f,-0.015625000000000038f,0f,0f,0f,1f], start_interpolation: 0, interpolation_duration: 1 }
$data merge entity $(bone_wheel3) { transformation: [-1f,3.784366730434136e-17f,1.1647083184890928e-16f,1.9135106236677394e-18f,0f,0.951056516295154f,-0.30901699437494623f,1.5f,-1.2246467991473532e-16f,-0.30901699437494623f,-0.951056516295154f,-0.015625f,0f,0f,0f,1f], start_interpolation: 0, interpolation_duration: 1 }
$data merge entity $(bone_wheel4) { transformation: [-1f,-5.559780123493437e-17f,1.0911682878666933e-16f,0.3125f,0f,0.8910065241883677f,0.4539904997395471f,1.5f,-1.2246467991473532e-16f,0.4539904997395471f,-0.8910065241883677f,-0.015624999999999962f,0f,0f,0f,1f], start_interpolation: 0, interpolation_duration: 1 }