# This file was generated by Animated Java via MC-Build. It is not recommended to edit this file directly.
$data merge entity $(bone_wheel2) { transformation: [-1f,-1.1982543886313666e-16f,2.528758643831548e-17f,-0.3125f,0f,0.20648881339437364f,0.9784489613377816f,1.5f,-1.2246467991473532e-16f,0.9784489613377816f,-0.20648881339437364f,-0.015625000000000038f,0f,0f,0f,1f], start_interpolation: 0, interpolation_duration: 1 }
$data merge entity $(bone_wheel3) { transformation: [-1f,-7.198293278059961e-17f,9.90760072617092e-17f,1.9135106236677394e-18f,0f,0.8090169943749477f,0.5877852522924727f,1.5f,-1.2246467991473532e-16f,0.5877852522924727f,-0.8090169943749477f,-0.015625f,0f,0f,0f,1f], start_interpolation: 0, interpolation_duration: 1 }
$data merge entity $(bone_wheel4) { transformation: [-1f,-1.2095693648649962e-16f,1.9157696688784695e-17f,0.3125f,0f,0.15643446504023062f,0.9876883405951378f,1.5f,-1.2246467991473532e-16f,0.9876883405951378f,-0.15643446504023062f,-0.015624999999999962f,0f,0f,0f,1f], start_interpolation: 0, interpolation_duration: 1 }