# This file was generated by Animated Java via MC-Build. It is not recommended to edit this file directly.
$data merge entity $(bone_wheel2) { transformation: [-1f,2.3716953455560496e-17f,1.2014617740654655e-16f,-0.3125f,0f,0.9810679902988926f,-0.19366362180567623f,1.5f,-1.2246467991473532e-16f,-0.19366362180567623f,-0.9810679902988926f,-0.015625000000000038f,0f,0f,0f,1f], start_interpolation: 0, interpolation_duration: 1 }
$data merge entity $(bone_wheel3) { transformation: [-1f,3.784366730434122e-17f,-1.164708318489093e-16f,1.9135106236677394e-18f,0f,-0.9510565162951541f,-0.3090169943749451f,1.5f,-1.2246467991473532e-16f,-0.3090169943749451f,0.9510565162951541f,-0.015625f,0f,0f,0f,1f], start_interpolation: 0, interpolation_duration: 1 }
$data merge entity $(bone_wheel4) { transformation: [-1f,1.0911682878666927e-16f,-5.559780123493449e-17f,0.3125f,0f,-0.4539904997395481f,-0.8910065241883672f,1.5f,-1.2246467991473532e-16f,-0.8910065241883672f,0.4539904997395481f,-0.015624999999999962f,0f,0f,0f,1f], start_interpolation: 0, interpolation_duration: 1 }