# This file was generated by Animated Java via MC-Build. It is not recommended to edit this file directly.
$data merge entity $(bone_wheel2) { transformation: [-1f,-9.242526717056567e-17f,8.034405899049494e-17f,-0.3125f,0f,0.6560590289905106f,0.754709580222769f,1.5f,-1.2246467991473532e-16f,0.754709580222769f,-0.6560590289905106f,-0.015625000000000038f,0f,0f,0f,1f], start_interpolation: 0, interpolation_duration: 1 }
$data merge entity $(bone_wheel3) { transformation: [-1f,9.907600726170899e-17f,-7.198293278059991e-17f,1.9135106236677394e-18f,0f,-0.5877852522924751f,-0.809016994374946f,1.5f,-1.2246467991473532e-16f,-0.809016994374946f,0.5877852522924751f,-0.015625f,0f,0f,0f,1f], start_interpolation: 0, interpolation_duration: 1 }
$data merge entity $(bone_wheel4) { transformation: [-1f,1.2095693648649964e-16f,1.9157696688784547e-17f,0.3125f,0f,0.1564344650402294f,-0.9876883405951379f,1.5f,-1.2246467991473532e-16f,-0.9876883405951379f,-0.1564344650402294f,-0.015624999999999962f,0f,0f,0f,1f], start_interpolation: 0, interpolation_duration: 1 }