# This file was generated by Animated Java via MC-Build. It is not recommended to edit this file directly.
$data merge entity $(bone_wheel2) { transformation: [-1f,-7.994001414656937e-17f,-9.277495332720394e-17f,-0.3125f,0f,-0.7575649843840484f,0.6527597524627241f,1.5f,-1.2246467991473532e-16f,0.6527597524627241f,0.7575649843840484f,-0.015625000000000038f,0f,0f,0f,1f], start_interpolation: 0, interpolation_duration: 1 }
$data merge entity $(bone_wheel3) { transformation: [-1f,1.1647083184890926e-16f,3.784366730434144e-17f,1.9135106236677394e-18f,0f,0.3090169943749469f,-0.9510565162951538f,1.5f,-1.2246467991473532e-16f,-0.9510565162951538f,-0.3090169943749469f,-0.015625f,0f,0f,0f,1f], start_interpolation: 0, interpolation_duration: 1 }
$data merge entity $(bone_wheel4) { transformation: [-1f,5.559780123493432e-17f,1.0911682878666935e-16f,0.3125f,0f,0.8910065241883679f,-0.4539904997395467f,1.5f,-1.2246467991473532e-16f,-0.4539904997395467f,-0.8910065241883679f,-0.015624999999999962f,0f,0f,0f,1f], start_interpolation: 0, interpolation_duration: 1 }