# This file was generated by Animated Java via MC-Build. It is not recommended to edit this file directly.
$data merge entity $(bone_wheel2) { transformation: [-1f,-2.266759050451342e-17f,-1.2034856944450262e-16f,-0.3125f,0f,-0.9827206467064136f,0.18509492304471362f,1.5f,-1.2246467991473532e-16f,0.18509492304471362f,0.9827206467064136f,-0.015625000000000038f,0f,0f,0f,1f], start_interpolation: 0, interpolation_duration: 1 }
$data merge entity $(bone_wheel3) { transformation: [-1f,9.907600726170909e-17f,7.198293278059977e-17f,1.9135106236677394e-18f,0f,0.587785252292474f,-0.8090169943749468f,1.5f,-1.2246467991473532e-16f,-0.8090169943749468f,-0.587785252292474f,-0.015625f,0f,0f,0f,1f], start_interpolation: 0, interpolation_duration: 1 }
$data merge entity $(bone_wheel4) { transformation: [-1f,1.9157696688784923e-17f,1.209569364864996e-16f,0.3125f,0f,0.9876883405951374f,-0.15643446504023248f,1.5f,-1.2246467991473532e-16f,-0.15643446504023248f,-0.9876883405951374f,-0.015624999999999962f,0f,0f,0f,1f], start_interpolation: 0, interpolation_duration: 1 }