# This file was generated by Animated Java via MC-Build. It is not recommended to edit this file directly.
$data merge entity $(bone_wheel2) { transformation: [-1f,4.071160589671541e-17f,-1.1549962325448991e-16f,-0.3125f,0f,-0.9431259962864824f,-0.3324354901761097f,1.5f,-1.2246467991473532e-16f,-0.3324354901761097f,0.9431259962864824f,-0.015625000000000038f,0f,0f,0f,1f], start_interpolation: 0, interpolation_duration: 1 }
$data merge entity $(bone_wheel3) { transformation: [-1f,7.198293278059974e-17f,9.907600726170911e-17f,1.9135106236677394e-18f,0f,0.809016994374947f,-0.5877852522924737f,1.5f,-1.2246467991473532e-16f,-0.5877852522924737f,-0.809016994374947f,-0.015625f,0f,0f,0f,1f], start_interpolation: 0, interpolation_duration: 1 }
$data merge entity $(bone_wheel4) { transformation: [-1f,-1.9157696688784744e-17f,1.2095693648649962e-16f,0.3125f,0f,0.9876883405951377f,0.156434465040231f,1.5f,-1.2246467991473532e-16f,0.156434465040231f,-0.9876883405951377f,-0.015624999999999962f,0f,0f,0f,1f], start_interpolation: 0, interpolation_duration: 1 }