# This file was generated by Animated Java via MC-Build. It is not recommended to edit this file directly.
$data merge entity $(bone_wheel2) { transformation: [-1f,9.312287318246277e-17f,-7.953444736000582e-17f,-0.3125f,0f,-0.6494480483301863f,-0.7604059656000288f,1.5f,-1.2246467991473532e-16f,-0.7604059656000288f,0.6494480483301863f,-0.015625000000000038f,0f,0f,0f,1f], start_interpolation: 0, interpolation_duration: 1 }
$data merge entity $(bone_wheel3) { transformation: [-1f,3.7843667304341376e-17f,1.1647083184890928e-16f,1.9135106236677394e-18f,0f,0.9510565162951539f,-0.3090169943749464f,1.5f,-1.2246467991473532e-16f,-0.3090169943749464f,-0.9510565162951539f,-0.015625f,0f,0f,0f,1f], start_interpolation: 0, interpolation_duration: 1 }
$data merge entity $(bone_wheel4) { transformation: [-1f,-5.559780123493414e-17f,1.0911682878666943e-16f,0.3125f,0f,0.8910065241883686f,0.4539904997395453f,1.5f,-1.2246467991473532e-16f,0.4539904997395453f,-0.8910065241883686f,-0.015624999999999962f,0f,0f,0f,1f], start_interpolation: 0, interpolation_duration: 1 }