# This file was generated by Animated Java via MC-Build. It is not recommended to edit this file directly.
$data merge entity $(bone_wheel2) { transformation: [-1f,1.1532088645331505e-16f,4.1215178930100427e-17f,-0.3125f,0f,0.33654747604612234f,-0.9416664995458768f,1.5f,-1.2246467991473532e-16f,-0.9416664995458768f,-0.33654747604612234f,-0.015625000000000038f,0f,0f,0f,1f], start_interpolation: 0, interpolation_duration: 1 }
$data merge entity $(bone_wheel3) { transformation: [-1f,-3.784366730434162e-17f,1.164708318489092e-16f,1.9135106236677394e-18f,0f,0.9510565162951533f,0.3090169943749484f,1.5f,-1.2246467991473532e-16f,0.3090169943749484f,-0.9510565162951533f,-0.015625f,0f,0f,0f,1f], start_interpolation: 0, interpolation_duration: 1 }
$data merge entity $(bone_wheel4) { transformation: [-1f,-1.0911682878666924e-16f,5.559780123493451e-17f,0.3125f,0f,0.4539904997395483f,0.891006524188367f,1.5f,-1.2246467991473532e-16f,0.891006524188367f,-0.4539904997395483f,-0.015624999999999962f,0f,0f,0f,1f], start_interpolation: 0, interpolation_duration: 1 }