# This file was generated by Animated Java via MC-Build. It is not recommended to edit this file directly.
$data merge entity $(bone_wheel2) { transformation: [-1f,-4.1717967285889856e-17f,1.151399541086933e-16f,-0.3125f,0f,0.9401890748325005f,0.3406530545373207f,1.5f,-1.2246467991473532e-16f,0.3406530545373207f,-0.9401890748325005f,-0.015625000000000038f,0f,0f,0f,1f], start_interpolation: 0, interpolation_duration: 1 }
$data merge entity $(bone_wheel3) { transformation: [-1f,-1.164708318489092e-16f,3.78436673043416e-17f,1.9135106236677394e-18f,0f,0.30901699437494823f,0.9510565162951533f,1.5f,-1.2246467991473532e-16f,0.9510565162951533f,-0.30901699437494823f,-0.015625f,0f,0f,0f,1f], start_interpolation: 0, interpolation_duration: 1 }
$data merge entity $(bone_wheel4) { transformation: [-1f,-1.0911682878666934e-16f,-5.559780123493435e-17f,0.3125f,0f,-0.45399049973954697f,0.8910065241883678f,1.5f,-1.2246467991473532e-16f,0.8910065241883678f,0.45399049973954697f,-0.015624999999999962f,0f,0f,0f,1f], start_interpolation: 0, interpolation_duration: 1 }