# This file was generated by Animated Java via MC-Build. It is not recommended to edit this file directly.
$data merge entity $(bone_wheel2) { transformation: [-1f,1.1791499611681912e-16f,3.307040243766486e-17f,-0.3125f,0f,0.2700403288580002f,-0.9628490124574377f,1.5f,-1.2246467991473532e-16f,-0.9628490124574377f,-0.2700403288580002f,-0.015625000000000038f,0f,0f,0f,1f], start_interpolation: 0, interpolation_duration: 1 }
$data merge entity $(bone_wheel3) { transformation: [-1f,9.907600726170914e-17f,-7.19829327805997e-17f,1.9135106236677394e-18f,0f,-0.5877852522924734f,-0.8090169943749472f,1.5f,-1.2246467991473532e-16f,-0.8090169943749472f,0.5877852522924734f,-0.015625f,0f,0f,0f,1f], start_interpolation: 0, interpolation_duration: 1 }
$data merge entity $(bone_wheel4) { transformation: [-1f,1.2095693648649964e-16f,1.9157696688784695e-17f,0.3125f,0f,0.15643446504023062f,-0.9876883405951379f,1.5f,-1.2246467991473532e-16f,-0.9876883405951379f,-0.15643446504023062f,-0.015624999999999962f,0f,0f,0f,1f], start_interpolation: 0, interpolation_duration: 1 }