# This file was generated by Animated Java via MC-Build. It is not recommended to edit this file directly.
$data merge entity $(bone_wheel2) { transformation: [-1f,8.545468531206734e-17f,8.772168822380313e-17f,-0.3125f,0f,0.7163019434246543f,-0.6977904598416802f,1.5f,-1.2246467991473532e-16f,-0.6977904598416802f,-0.7163019434246543f,-0.015625000000000038f,0f,0f,0f,1f], start_interpolation: 0, interpolation_duration: 1 }
$data merge entity $(bone_wheel3) { transformation: [-1f,1.164708318489092e-16f,-3.7843667304341506e-17f,1.9135106236677394e-18f,0f,-0.30901699437494745f,-0.9510565162951534f,1.5f,-1.2246467991473532e-16f,-0.9510565162951534f,0.30901699437494745f,-0.015625f,0f,0f,0f,1f], start_interpolation: 0, interpolation_duration: 1 }
$data merge entity $(bone_wheel4) { transformation: [-1f,1.0911682878666935e-16f,5.559780123493432e-17f,0.3125f,0f,0.45399049973954675f,-0.8910065241883679f,1.5f,-1.2246467991473532e-16f,-0.8910065241883679f,-0.45399049973954675f,-0.015624999999999962f,0f,0f,0f,1f], start_interpolation: 0, interpolation_duration: 1 }