# This file was generated by Animated Java via MC-Build. It is not recommended to edit this file directly.
$data merge entity $(bone_wheel2) { transformation: [-1f,-2.8214567393688005e-17f,-1.191701976729317e-16f,-0.3125f,0f,-0.9730985109821269f,0.23038942667659024f,1.5f,-1.2246467991473532e-16f,0.23038942667659024f,0.9730985109821269f,-0.015625000000000038f,0f,0f,0f,1f], start_interpolation: 0, interpolation_duration: 1 }
$data merge entity $(bone_wheel3) { transformation: [-1f,5.899780949661426e-17f,-1.0731661707871612e-16f,1.9135106236677394e-18f,0f,-0.8763066800438635f,-0.48175367410171516f,1.5f,-1.2246467991473532e-16f,-0.48175367410171516f,0.8763066800438635f,-0.015625f,0f,0f,0f,1f], start_interpolation: 0, interpolation_duration: 1 }
$data merge entity $(bone_wheel4) { transformation: [-1f,5.144566426670029e-17f,1.1113478957903566e-16f,0.3125f,0f,0.9074844245411169f,-0.42008572841180625f,1.5f,-1.2246467991473532e-16f,-0.42008572841180625f,-0.9074844245411169f,-0.015624999999999962f,0f,0f,0f,1f], start_interpolation: 0, interpolation_duration: 1 }