# This file was generated by Animated Java via MC-Build. It is not recommended to edit this file directly.
$data merge entity $(bone_wheel2) { transformation: [-1f,1.1504439217909825e-16f,4.1980777205292575e-17f,-0.3125f,0f,0.3427990603864006f,-0.9394087524598654f,1.5f,-1.2246467991473532e-16f,-0.9394087524598654f,-0.3427990603864006f,-0.015625000000000038f,0f,0f,0f,1f], start_interpolation: 0, interpolation_duration: 1 }
$data merge entity $(bone_wheel3) { transformation: [-1f,1.1632132243473272e-16f,3.8300754217815595e-17f,1.9135106236677394e-18f,0f,0.3127493922695268f,-0.9498356792809173f,1.5f,-1.2246467991473532e-16f,-0.9498356792809173f,-0.3127493922695268f,-0.015625f,0f,0f,0f,1f], start_interpolation: 0, interpolation_duration: 1 }
$data merge entity $(bone_wheel4) { transformation: [-1f,1.1944144615515208e-16f,2.704327581829683e-17f,0.3125f,0f,0.22082510514154297f,-0.9753134229257928f,1.5f,-1.2246467991473532e-16f,-0.9753134229257928f,-0.22082510514154297f,-0.015624999999999962f,0f,0f,0f,1f], start_interpolation: 0, interpolation_duration: 1 }