# This file was generated by Animated Java via MC-Build. It is not recommended to edit this file directly.
$data merge entity $(bone_wheel2) { transformation: [-1f,9.952633071587217e-17f,7.135900308197568e-17f,-0.3125f,0f,0.5826904796685755f,-0.8126941644330944f,1.5f,-1.2246467991473532e-16f,-0.8126941644330944f,-0.5826904796685755f,-0.015625000000000038f,0f,0f,0f,1f], start_interpolation: 0, interpolation_duration: 1 }
$data merge entity $(bone_wheel3) { transformation: [-1f,1.034003491396767e-16f,6.561985693684143e-17f,1.9135106236677394e-18f,0f,0.5358267949789974f,-0.8443279255020145f,1.5f,-1.2246467991473532e-16f,-0.8443279255020145f,-0.5358267949789974f,-0.015625f,0f,0f,0f,1f], start_interpolation: 0, interpolation_duration: 1 }
$data merge entity $(bone_wheel4) { transformation: [-1f,1.1299482175424544e-16f,4.722042019449716e-17f,0.3125f,0f,0.3855839922773967f,-0.9226727398701148f,1.5f,-1.2246467991473532e-16f,-0.9226727398701148f,-0.3855839922773967f,-0.015624999999999962f,0f,0f,0f,1f], start_interpolation: 0, interpolation_duration: 1 }