# This file was generated by Animated Java via MC-Build. It is not recommended to edit this file directly.
$data merge entity $(bone_wheel2) { transformation: [-1f,6.167605418595772e-17f,-1.0580010475736488e-16f,-0.3125f,0f,-0.8639234171928349f,-0.5036232016357614f,1.5f,-1.2246467991473532e-16f,-0.5036232016357614f,0.8639234171928349f,-0.015625000000000038f,0f,0f,0f,1f], start_interpolation: 0, interpolation_duration: 1 }
$data merge entity $(bone_wheel3) { transformation: [-1f,1.1386477973655213e-16f,-4.508225551328417e-17f,1.9135106236677394e-18f,0f,-0.3681245526846777f,-0.9297764858882515f,1.5f,-1.2246467991473532e-16f,-0.9297764858882515f,0.3681245526846777f,-0.015625f,0f,0f,0f,1f], start_interpolation: 0, interpolation_duration: 1 }
$data merge entity $(bone_wheel4) { transformation: [-1f,-6.153154343419601e-18f,1.2231000170977282e-16f,0.3125f,0f,0.9987369566060175f,0.0502443181797696f,1.5f,-1.2246467991473532e-16f,0.0502443181797696f,-0.9987369566060175f,-0.015624999999999962f,0f,0f,0f,1f], start_interpolation: 0, interpolation_duration: 1 }