# This file was generated by Animated Java via MC-Build. It is not recommended to edit this file directly.
$data merge entity $(bone_wheel2) { transformation: [-1f,1.2147474946489609e-16f,-1.5539725514284708e-17f,-0.3125f,0f,-0.12689148842837028f,-0.9919166044403295f,1.5f,-1.2246467991473532e-16f,-0.9919166044403295f,0.12689148842837028f,-0.015625000000000038f,0f,0f,0f,1f], start_interpolation: 0, interpolation_duration: 1 }
$data merge entity $(bone_wheel3) { transformation: [-1f,1.0997665962012953e-16f,5.3877009618359e-17f,1.9135106236677394e-18f,0f,0.43993916985591497f,-0.8980275757606158f,1.5f,-1.2246467991473532e-16f,-0.8980275757606158f,-0.43993916985591497f,-0.015625f,0f,0f,0f,1f], start_interpolation: 0, interpolation_duration: 1 }
$data merge entity $(bone_wheel4) { transformation: [-1f,-7.244901649047959e-17f,9.8735696868867e-17f,0.3125f,0f,0.8062381491350048f,0.5915911146048103f,1.5f,-1.2246467991473532e-16f,0.5915911146048103f,-0.8062381491350048f,-0.015624999999999962f,0f,0f,0f,1f], start_interpolation: 0, interpolation_duration: 1 }