# This file was generated by Animated Java via MC-Build. It is not recommended to edit this file directly.
$data merge entity $(bone_wheel2) { transformation: [-1f,7.687002164571012e-17f,9.533413658709368e-17f,-0.3125f,0f,0.7784623015670235f,-0.6276913612907005f,1.5f,-1.2246467991473532e-16f,-0.6276913612907005f,-0.7784623015670235f,-0.015625000000000038f,0f,0f,0f,1f], start_interpolation: 0, interpolation_duration: 1 }
$data merge entity $(bone_wheel3) { transformation: [-1f,2.2947592712743113e-17f,1.202954937448142e-16f,1.9135106236677394e-18f,0f,0.9822872507286886f,-0.1873813145857248f,1.5f,-1.2246467991473532e-16f,-0.1873813145857248f,-0.9822872507286886f,-0.015625f,0f,0f,0f,1f], start_interpolation: 0, interpolation_duration: 1 }
$data merge entity $(bone_wheel4) { transformation: [-1f,-1.173850640833124e-16f,3.490479274791957e-17f,0.3125f,0f,0.2850192624699762f,0.9585217890173758f,1.5f,-1.2246467991473532e-16f,0.9585217890173758f,-0.2850192624699762f,-0.015624999999999962f,0f,0f,0f,1f], start_interpolation: 0, interpolation_duration: 1 }