# This file was generated by Animated Java via MC-Build. It is not recommended to edit this file directly.
$data merge entity $(bone_wheel2) { transformation: [-1f,-1.217667280349368e-16f,1.3056100883660212e-17f,-0.3125f,0f,0.10661115427526024f,0.9943007903969988f,1.5f,-1.2246467991473532e-16f,0.9943007903969988f,-0.10661115427526024f,-0.015625000000000038f,0f,0f,0f,1f], start_interpolation: 0, interpolation_duration: 1 }
$data merge entity $(bone_wheel3) { transformation: [-1f,-1.2029549374481423e-16f,-2.2947592712743088e-17f,1.9135106236677394e-18f,0f,-0.1873813145857246f,0.9822872507286887f,1.5f,-1.2246467991473532e-16f,0.9822872507286887f,0.1873813145857246f,-0.015625f,0f,0f,0f,1f], start_interpolation: 0, interpolation_duration: 1 }
$data merge entity $(bone_wheel4) { transformation: [-1f,-5.832235917536267e-17f,-1.0768519047129257e-16f,0.3125f,0f,-0.8793163101905561f,0.476238203667939f,1.5f,-1.2246467991473532e-16f,0.476238203667939f,0.8793163101905561f,-0.015624999999999962f,0f,0f,0f,1f], start_interpolation: 0, interpolation_duration: 1 }