# This file was generated by Animated Java via MC-Build. It is not recommended to edit this file directly.
$data merge entity $(bone_wheel2) { transformation: [-1f,4.508225551328415e-17f,-1.1386477973655215e-16f,-0.3125f,0f,-0.9297764858882516f,-0.3681245526846775f,1.5f,-1.2246467991473532e-16f,-0.3681245526846775f,0.9297764858882516f,-0.015625000000000038f,0f,0f,0f,1f], start_interpolation: 0, interpolation_duration: 1 }
$data merge entity $(bone_wheel3) { transformation: [-1f,-1.1861722679842032e-16f,-3.0455727429675594e-17f,1.9135106236677394e-18f,0f,-0.24868988716485485f,0.9685831611286312f,1.5f,-1.2246467991473532e-16f,0.9685831611286312f,0.24868988716485485f,-0.015625f,0f,0f,0f,1f], start_interpolation: 0, interpolation_duration: 1 }
$data merge entity $(bone_wheel4) { transformation: [-1f,1.0731661707871611e-16f,5.899780949661432e-17f,0.3125f,0f,0.48175367410171566f,-0.8763066800438634f,1.5f,-1.2246467991473532e-16f,-0.8763066800438634f,-0.48175367410171566f,-0.015624999999999962f,0f,0f,0f,1f], start_interpolation: 0, interpolation_duration: 1 }