# This file was generated by Animated Java via MC-Build. It is not recommended to edit this file directly.
$data merge entity $(bone_wheel2) { transformation: [-1f,-1.202954937448142e-16f,2.2947592712743116e-17f,-0.3125f,0f,0.18738131458572482f,0.9822872507286886f,1.5f,-1.2246467991473532e-16f,0.9822872507286886f,-0.18738131458572482f,-0.015625000000000038f,0f,0f,0f,1f], start_interpolation: 0, interpolation_duration: 1 }
$data merge entity $(bone_wheel3) { transformation: [-1f,1.2149900933518075e-16f,-1.5348894331131338e-17f,1.9135106236677394e-18f,0f,-0.1253332335643047f,-0.9921147013144778f,1.5f,-1.2246467991473532e-16f,-0.9921147013144778f,0.1253332335643047f,-0.015625f,0f,0f,0f,1f], start_interpolation: 0, interpolation_duration: 1 }
$data merge entity $(bone_wheel4) { transformation: [-1f,1.1861722679842024e-16f,-3.045572742967589e-17f,0.3125f,0f,-0.2486898871648573f,-0.9685831611286305f,1.5f,-1.2246467991473532e-16f,-0.9685831611286305f,0.2486898871648573f,-0.015624999999999962f,0f,0f,0f,1f], start_interpolation: 0, interpolation_duration: 1 }