# This file was generated by Animated Java via MC-Build. It is not recommended to edit this file directly.
$data merge entity $(bone_wheel2) { transformation: [-1f,-1.202954937448142e-16f,-2.2947592712743144e-17f,-0.3125f,0f,-0.18738131458572505f,0.9822872507286886f,1.5f,-1.2246467991473532e-16f,0.9822872507286886f,0.18738131458572505f,-0.015625000000000038f,0f,0f,0f,1f], start_interpolation: 0, interpolation_duration: 1 }
$data merge entity $(bone_wheel3) { transformation: [-1f,1.2149900933518075e-16f,1.5348894331131406e-17f,1.9135106236677394e-18f,0f,0.12533323356430526f,-0.9921147013144777f,1.5f,-1.2246467991473532e-16f,-0.9921147013144777f,-0.12533323356430526f,-0.015625f,0f,0f,0f,1f], start_interpolation: 0, interpolation_duration: 1 }
$data merge entity $(bone_wheel4) { transformation: [-1f,1.1861722679842032e-16f,3.0455727429675594e-17f,0.3125f,0f,0.24868988716485485f,-0.9685831611286311f,1.5f,-1.2246467991473532e-16f,-0.9685831611286311f,-0.24868988716485485f,-0.015624999999999962f,0f,0f,0f,1f], start_interpolation: 0, interpolation_duration: 1 }