# This file was generated by Animated Java via MC-Build. It is not recommended to edit this file directly.
$data merge entity $(bone_wheel2) { transformation: [-1f,-3.045572742967567e-17f,-1.186172267984203e-16f,-0.3125f,0f,-0.9685831611286309f,0.24868988716485546f,1.5f,-1.2246467991473532e-16f,0.24868988716485546f,0.9685831611286309f,-0.015625000000000038f,0f,0f,0f,1f], start_interpolation: 0, interpolation_duration: 1 }
$data merge entity $(bone_wheel3) { transformation: [-1f,7.806192487454689e-17f,9.436065764660171e-17f,1.9135106236677394e-18f,0f,0.7705132427757887f,-0.6374239897486903f,1.5f,-1.2246467991473532e-16f,-0.6374239897486903f,-0.7705132427757887f,-0.015625f,0f,0f,0f,1f], start_interpolation: 0, interpolation_duration: 1 }
$data merge entity $(bone_wheel4) { transformation: [-1f,-2.29475927127429e-17f,1.2029549374481425e-16f,0.3125f,0f,0.9822872507286889f,0.18738131458572307f,1.5f,-1.2246467991473532e-16f,0.18738131458572307f,-0.9822872507286889f,-0.015624999999999962f,0f,0f,0f,1f], start_interpolation: 0, interpolation_duration: 1 }