# This file was generated by Animated Java via MC-Build. It is not recommended to edit this file directly.
$data merge entity $(bone_wheel2) { transformation: [-1f,-8.383284221411532e-17f,8.927290962504707e-17f,-0.3125f,0f,0.7289686274214111f,0.6845471059286891f,1.5f,-1.2246467991473532e-16f,0.6845471059286891f,-0.7289686274214111f,-0.015625000000000038f,0f,0f,0f,1f], start_interpolation: 0, interpolation_duration: 1 }
$data merge entity $(bone_wheel3) { transformation: [-1f,-1.0731661707871611e-16f,-5.899780949661432e-17f,1.9135106236677394e-18f,0f,-0.48175367410171566f,0.8763066800438634f,1.5f,-1.2246467991473532e-16f,0.8763066800438634f,0.48175367410171566f,-0.015625f,0f,0f,0f,1f], start_interpolation: 0, interpolation_duration: 1 }
$data merge entity $(bone_wheel4) { transformation: [-1f,6.561985693684181e-17f,1.0340034913967647e-16f,0.3125f,0f,0.8443279255020126f,-0.5358267949790005f,1.5f,-1.2246467991473532e-16f,-0.5358267949790005f,-0.8443279255020126f,-0.015624999999999962f,0f,0f,0f,1f], start_interpolation: 0, interpolation_duration: 1 }