# This file was generated by Animated Java via MC-Build. It is not recommended to edit this file directly.
$data merge entity $(bone_wheel2) { transformation: [-1f,-1.5348894331131483e-17f,-1.2149900933518075e-16f,-0.3125f,0f,-0.9921147013144778f,0.1253332335643059f,1.5f,-1.2246467991473532e-16f,0.1253332335643059f,0.9921147013144778f,-0.015625000000000038f,0f,0f,0f,1f], start_interpolation: 0, interpolation_duration: 1 }
$data merge entity $(bone_wheel3) { transformation: [-1f,5.2142924655839264e-17f,-1.1080935535844457e-16f,1.9135106236677394e-18f,0f,-0.90482705246602f,-0.42577929156507166f,1.5f,-1.2246467991473532e-16f,-0.42577929156507166f,0.90482705246602f,-0.015625f,0f,0f,0f,1f], start_interpolation: 0, interpolation_duration: 1 }
$data merge entity $(bone_wheel4) { transformation: [-1f,-7.806192487454718e-17f,-9.436065764660145e-17f,0.3125f,0f,-0.7705132427757866f,0.6374239897486927f,1.5f,-1.2246467991473532e-16f,0.6374239897486927f,0.7705132427757866f,-0.015624999999999962f,0f,0f,0f,1f], start_interpolation: 0, interpolation_duration: 1 }