# This file was generated by Animated Java via MC-Build. It is not recommended to edit this file directly.
$data merge entity $(bone_wheel2) { transformation: [-1f,1.202954937448143e-16f,2.2947592712742666e-17f,-0.3125f,0f,0.18738131458572116f,-0.9822872507286894f,1.5f,-1.2246467991473532e-16f,-0.9822872507286894f,-0.18738131458572116f,-0.015625000000000038f,0f,0f,0f,1f], start_interpolation: 0, interpolation_duration: 1 }
$data merge entity $(bone_wheel3) { transformation: [-1f,1.2149900933518077e-16f,1.534889433113116e-17f,1.9135106236677394e-18f,0f,0.12533323356430326f,-0.9921147013144779f,1.5f,-1.2246467991473532e-16f,-0.9921147013144779f,-0.12533323356430326f,-0.015625f,0f,0f,0f,1f], start_interpolation: 0, interpolation_duration: 1 }
$data merge entity $(bone_wheel4) { transformation: [-1f,1.1861722679842034e-16f,3.0455727429675526e-17f,0.3125f,0f,0.2486898871648543f,-0.9685831611286313f,1.5f,-1.2246467991473532e-16f,-0.9685831611286313f,-0.2486898871648543f,-0.015624999999999962f,0f,0f,0f,1f], start_interpolation: 0, interpolation_duration: 1 }