# This file was generated by Animated Java via MC-Build. It is not recommended to edit this file directly.
$data merge entity $(bone_wheel2) { transformation: [-1f,1.034003491396769e-16f,6.561985693684111e-17f,-0.3125f,0f,0.5358267949789948f,-0.8443279255020162f,1.5f,-1.2246467991473532e-16f,-0.8443279255020162f,-0.5358267949789948f,-0.015625000000000038f,0f,0f,0f,1f], start_interpolation: 0, interpolation_duration: 1 }
$data merge entity $(bone_wheel3) { transformation: [-1f,1.1386477973655215e-16f,4.508225551328412e-17f,1.9135106236677394e-18f,0f,0.36812455268467725f,-0.9297764858882517f,1.5f,-1.2246467991473532e-16f,-0.9297764858882517f,-0.36812455268467725f,-0.015625f,0f,0f,0f,1f], start_interpolation: 0, interpolation_duration: 1 }
$data merge entity $(bone_wheel4) { transformation: [-1f,8.92729096250471e-17f,8.383284221411528e-17f,0.3125f,0f,0.6845471059286887f,-0.7289686274214114f,1.5f,-1.2246467991473532e-16f,-0.7289686274214114f,-0.6845471059286887f,-0.015624999999999962f,0f,0f,0f,1f], start_interpolation: 0, interpolation_duration: 1 }