# This file was generated by Animated Java via MC-Build. It is not recommended to edit this file directly.
$data merge entity $(bone_wheel2) { transformation: [-1f,1.2222302384331873e-16f,-7.689620875837393e-18f,-0.3125f,0f,-0.06279051952931414f,-0.9980267284282714f,1.5f,-1.2246467991473532e-16f,-0.9980267284282714f,0.06279051952931414f,-0.015625000000000038f,0f,0f,0f,1f], start_interpolation: 0, interpolation_duration: 1 }
$data merge entity $(bone_wheel3) { transformation: [-1f,-6.561985693684133e-17f,-1.0340034913967676e-16f,1.9135106236677394e-18f,0f,-0.8443279255020151f,0.5358267949789967f,1.5f,-1.2246467991473532e-16f,0.5358267949789967f,0.8443279255020151f,-0.015625f,0f,0f,0f,1f], start_interpolation: 0, interpolation_duration: 1 }
$data merge entity $(bone_wheel4) { transformation: [-1f,-5.214292465583938e-17f,1.108093553584445e-16f,0.3125f,0f,0.9048270524660196f,0.4257792915650726f,1.5f,-1.2246467991473532e-16f,0.4257792915650726f,-0.9048270524660196f,-0.015624999999999962f,0f,0f,0f,1f], start_interpolation: 0, interpolation_duration: 1 }