# This file was generated by Animated Java via MC-Build. It is not recommended to edit this file directly.
$data merge entity $(bone_wheel2) { transformation: [-1f,7.198293278059974e-17f,9.907600726170911e-17f,-0.3125f,0f,0.809016994374947f,-0.5877852522924737f,1.5f,-1.2246467991473532e-16f,-0.5877852522924737f,-0.809016994374947f,-0.015625000000000038f,0f,0f,0f,1f], start_interpolation: 0, interpolation_duration: 1 }
$data merge entity $(bone_wheel3) { transformation: [-1f,9.90760072617092e-17f,7.198293278059963e-17f,1.9135106236677394e-18f,0f,0.5877852522924728f,-0.8090169943749477f,1.5f,-1.2246467991473532e-16f,-0.8090169943749477f,-0.5877852522924728f,-0.015625f,0f,0f,0f,1f], start_interpolation: 0, interpolation_duration: 1 }
$data merge entity $(bone_wheel4) { transformation: [-1f,3.7843667304341826e-17f,1.1647083184890914e-16f,0.3125f,0f,0.9510565162951528f,-0.30901699437495006f,1.5f,-1.2246467991473532e-16f,-0.30901699437495006f,-0.9510565162951528f,-0.015624999999999962f,0f,0f,0f,1f], start_interpolation: 0, interpolation_duration: 1 }