# This file was generated by Animated Java via MC-Build. It is not recommended to edit this file directly.
$data merge entity $(bone_wheel2) { transformation: [-1f,-8.383284221411528e-17f,-8.927290962504709e-17f,-0.3125f,0f,-0.7289686274214113f,0.6845471059286887f,1.5f,-1.2246467991473532e-16f,0.6845471059286887f,0.7289686274214113f,-0.015625000000000038f,0f,0f,0f,1f], start_interpolation: 0, interpolation_duration: 1 }
$data merge entity $(bone_wheel3) { transformation: [-1f,-1.0731661707871595e-16f,5.89978094966146e-17f,1.9135106236677394e-18f,0f,0.481753674101718f,0.8763066800438621f,1.5f,-1.2246467991473532e-16f,0.8763066800438621f,-0.481753674101718f,-0.015625f,0f,0f,0f,1f], start_interpolation: 0, interpolation_duration: 1 }
$data merge entity $(bone_wheel4) { transformation: [-1f,6.561985693684087e-17f,-1.0340034913967704e-16f,0.3125f,0f,-0.8443279255020173f,-0.5358267949789929f,1.5f,-1.2246467991473532e-16f,-0.5358267949789929f,0.8443279255020173f,-0.015624999999999962f,0f,0f,0f,1f], start_interpolation: 0, interpolation_duration: 1 }