# This file was generated by Animated Java via MC-Build. It is not recommended to edit this file directly.
$data merge entity $(bone_wheel2) { transformation: [-1f,4.5082255513284426e-17f,1.1386477973655203e-16f,-0.3125f,0f,0.9297764858882507f,-0.36812455268467975f,1.5f,-1.2246467991473532e-16f,-0.36812455268467975f,-0.9297764858882507f,-0.015625000000000038f,0f,0f,0f,1f], start_interpolation: 0, interpolation_duration: 1 }
$data merge entity $(bone_wheel3) { transformation: [-1f,-1.186172267984203e-16f,3.045572742967566e-17f,1.9135106236677394e-18f,0f,0.2486898871648554f,0.968583161128631f,1.5f,-1.2246467991473532e-16f,0.968583161128631f,-0.2486898871648554f,-0.015625f,0f,0f,0f,1f], start_interpolation: 0, interpolation_duration: 1 }
$data merge entity $(bone_wheel4) { transformation: [-1f,1.0731661707871595e-16f,-5.899780949661459e-17f,0.3125f,0f,-0.4817536741017179f,-0.8763066800438621f,1.5f,-1.2246467991473532e-16f,-0.8763066800438621f,0.4817536741017179f,-0.015624999999999962f,0f,0f,0f,1f], start_interpolation: 0, interpolation_duration: 1 }