# This file was generated by Animated Java via MC-Build. It is not recommended to edit this file directly.
$data merge entity $(bone_wheel2) { transformation: [-1f,-1.1080935535844443e-16f,5.2142924655839553e-17f,-0.3125f,0f,0.425779291565074f,0.9048270524660189f,1.5f,-1.2246467991473532e-16f,0.9048270524660189f,-0.425779291565074f,-0.015625000000000038f,0f,0f,0f,1f], start_interpolation: 0, interpolation_duration: 1 }
$data merge entity $(bone_wheel3) { transformation: [-1f,-8.927290962504721e-17f,-8.383284221411517e-17f,1.9135106236677394e-18f,0f,-0.6845471059286878f,0.7289686274214123f,1.5f,-1.2246467991473532e-16f,0.7289686274214123f,0.6845471059286878f,-0.015625f,0f,0f,0f,1f], start_interpolation: 0, interpolation_duration: 1 }
$data merge entity $(bone_wheel4) { transformation: [-1f,7.689620875837779e-18f,1.2222302384331873e-16f,0.3125f,0f,0.9980267284282713f,-0.06279051952931729f,1.5f,-1.2246467991473532e-16f,-0.06279051952931729f,-0.9980267284282713f,-0.015624999999999962f,0f,0f,0f,1f], start_interpolation: 0, interpolation_duration: 1 }