# This file was generated by Animated Java via MC-Build. It is not recommended to edit this file directly.
$data merge entity $(bone_wheel2) { transformation: [-1f,-1.2222302384331873e-16f,7.689620875837543e-18f,-0.3125f,0f,0.06279051952931536f,0.9980267284282714f,1.5f,-1.2246467991473532e-16f,0.9980267284282714f,-0.06279051952931536f,-0.015625000000000038f,0f,0f,0f,1f], start_interpolation: 0, interpolation_duration: 1 }
$data merge entity $(bone_wheel3) { transformation: [-1f,-6.56198569368414e-17f,-1.0340034913967672e-16f,1.9135106236677394e-18f,0f,-0.8443279255020146f,0.5358267949789972f,1.5f,-1.2246467991473532e-16f,0.5358267949789972f,0.8443279255020146f,-0.015625f,0f,0f,0f,1f], start_interpolation: 0, interpolation_duration: 1 }
$data merge entity $(bone_wheel4) { transformation: [-1f,-5.2142924655839035e-17f,1.1080935535844468e-16f,0.3125f,0f,0.9048270524660209f,0.4257792915650698f,1.5f,-1.2246467991473532e-16f,0.4257792915650698f,-0.9048270524660209f,-0.015624999999999962f,0f,0f,0f,1f], start_interpolation: 0, interpolation_duration: 1 }