# This file was generated by Animated Java via MC-Build. It is not recommended to edit this file directly.
$data merge entity $(bone_wheel2) { transformation: [-1f,1.1080935535844454e-16f,-5.214292465583933e-17f,-0.3125f,0f,-0.4257792915650722f,-0.9048270524660198f,1.5f,-1.2246467991473532e-16f,-0.9048270524660198f,0.4257792915650722f,-0.015625000000000038f,0f,0f,0f,1f], start_interpolation: 0, interpolation_duration: 1 }
$data merge entity $(bone_wheel3) { transformation: [-1f,-8.927290962504714e-17f,-8.383284221411522e-17f,1.9135106236677394e-18f,0f,-0.6845471059286883f,0.7289686274214118f,1.5f,-1.2246467991473532e-16f,0.7289686274214118f,0.6845471059286883f,-0.015625f,0f,0f,0f,1f], start_interpolation: 0, interpolation_duration: 1 }
$data merge entity $(bone_wheel4) { transformation: [-1f,7.689620875837395e-18f,1.2222302384331876e-16f,0.3125f,0f,0.9980267284282716f,-0.06279051952931415f,1.5f,-1.2246467991473532e-16f,-0.06279051952931415f,-0.9980267284282716f,-0.015624999999999962f,0f,0f,0f,1f], start_interpolation: 0, interpolation_duration: 1 }