# This file was generated by Animated Java via MC-Build. It is not recommended to edit this file directly.
$data merge entity $(bone_wheel2) { transformation: [-1f,-9.436065764660171e-17f,-7.806192487454687e-17f,-0.3125f,0f,-0.6374239897486902f,0.7705132427757887f,1.5f,-1.2246467991473532e-16f,0.7705132427757887f,0.6374239897486902f,-0.015625000000000038f,0f,0f,0f,1f], start_interpolation: 0, interpolation_duration: 1 }
$data merge entity $(bone_wheel3) { transformation: [-1f,-7.689620875837301e-18f,-1.2222302384331878e-16f,1.9135106236677394e-18f,0f,-0.9980267284282718f,0.06279051952931339f,1.5f,-1.2246467991473532e-16f,0.06279051952931339f,0.9980267284282718f,-0.015625f,0f,0f,0f,1f], start_interpolation: 0, interpolation_duration: 1 }
$data merge entity $(bone_wheel4) { transformation: [-1f,-1.2149900933518073e-16f,1.5348894331131514e-17f,0.3125f,0f,0.12533323356430615f,0.9921147013144775f,1.5f,-1.2246467991473532e-16f,0.9921147013144775f,-0.12533323356430615f,-0.015624999999999962f,0f,0f,0f,1f], start_interpolation: 0, interpolation_duration: 1 }