# This file was generated by Animated Java via MC-Build. It is not recommended to edit this file directly.
$data merge entity $(bone_wheel2) { transformation: [-1f,-5.899780949661423e-17f,-1.0731661707871617e-16f,-0.3125f,0f,-0.8763066800438639f,0.4817536741017149f,1.5f,-1.2246467991473532e-16f,0.4817536741017149f,0.8763066800438639f,-0.015625000000000038f,0f,0f,0f,1f], start_interpolation: 0, interpolation_duration: 1 }
$data merge entity $(bone_wheel3) { transformation: [-1f,2.294759271274313e-17f,-1.202954937448142e-16f,1.9135106236677394e-18f,0f,-0.9822872507286886f,-0.18738131458572496f,1.5f,-1.2246467991473532e-16f,-0.18738131458572496f,0.9822872507286886f,-0.015625f,0f,0f,0f,1f], start_interpolation: 0, interpolation_duration: 1 }
$data merge entity $(bone_wheel4) { transformation: [-1f,-1.1386477973655235e-16f,-4.5082255513283655e-17f,0.3125f,0f,-0.3681245526846735f,0.9297764858882532f,1.5f,-1.2246467991473532e-16f,0.9297764858882532f,0.3681245526846735f,-0.015624999999999962f,0f,0f,0f,1f], start_interpolation: 0, interpolation_duration: 1 }