# This file was generated by Animated Java via MC-Build. It is not recommended to edit this file directly.
$data merge entity $(bone_wheel2) { transformation: [-1f,7.19829327805996e-17f,-9.90760072617092e-17f,-0.3125f,0f,-0.8090169943749477f,-0.5877852522924726f,1.5f,-1.2246467991473532e-16f,-0.5877852522924726f,0.8090169943749477f,-0.015625000000000038f,0f,0f,0f,1f], start_interpolation: 0, interpolation_duration: 1 }
$data merge entity $(bone_wheel3) { transformation: [-1f,9.907600726170914e-17f,-7.19829327805997e-17f,1.9135106236677394e-18f,0f,-0.5877852522924734f,-0.8090169943749472f,1.5f,-1.2246467991473532e-16f,-0.8090169943749472f,0.5877852522924734f,-0.015625f,0f,0f,0f,1f], start_interpolation: 0, interpolation_duration: 1 }
$data merge entity $(bone_wheel4) { transformation: [-1f,3.784366730434119e-17f,-1.164708318489093e-16f,0.3125f,0f,-0.9510565162951541f,-0.3090169943749449f,1.5f,-1.2246467991473532e-16f,-0.3090169943749449f,0.9510565162951541f,-0.015624999999999962f,0f,0f,0f,1f], start_interpolation: 0, interpolation_duration: 1 }