# This file was generated by Animated Java via MC-Build. It is not recommended to edit this file directly.
$data merge entity $(bone_wheel2) { transformation: [-1f,1.034003491396768e-16f,-6.561985693684124e-17f,-0.3125f,0f,-0.5358267949789959f,-0.8443279255020154f,1.5f,-1.2246467991473532e-16f,-0.8443279255020154f,0.5358267949789959f,-0.015625000000000038f,0f,0f,0f,1f], start_interpolation: 0, interpolation_duration: 1 }
$data merge entity $(bone_wheel3) { transformation: [-1f,1.1386477973655213e-16f,-4.50822555132842e-17f,1.9135106236677394e-18f,0f,-0.3681245526846779f,-0.9297764858882513f,1.5f,-1.2246467991473532e-16f,-0.9297764858882513f,0.3681245526846779f,-0.015625f,0f,0f,0f,1f], start_interpolation: 0, interpolation_duration: 1 }
$data merge entity $(bone_wheel4) { transformation: [-1f,8.927290962504695e-17f,-8.383284221411547e-17f,0.3125f,0f,-0.6845471059286903f,-0.7289686274214102f,1.5f,-1.2246467991473532e-16f,-0.7289686274214102f,0.6845471059286903f,-0.015624999999999962f,0f,0f,0f,1f], start_interpolation: 0, interpolation_duration: 1 }