# This file was generated by Animated Java via MC-Build. It is not recommended to edit this file directly.
$data merge entity $(bone_wheel2) { transformation: [-1f,3.045572742967593e-17f,1.1861722679842022e-16f,-0.3125f,0f,0.9685831611286304f,-0.24868988716485757f,1.5f,-1.2246467991473532e-16f,-0.24868988716485757f,-0.9685831611286304f,-0.015625000000000038f,0f,0f,0f,1f], start_interpolation: 0, interpolation_duration: 1 }
$data merge entity $(bone_wheel3) { transformation: [-1f,7.806192487454681e-17f,9.436065764660176e-17f,1.9135106236677394e-18f,0f,0.7705132427757891f,-0.6374239897486897f,1.5f,-1.2246467991473532e-16f,-0.6374239897486897f,-0.7705132427757891f,-0.015625f,0f,0f,0f,1f], start_interpolation: 0, interpolation_duration: 1 }
$data merge entity $(bone_wheel4) { transformation: [-1f,-2.2947592712742848e-17f,1.2029549374481428e-16f,0.3125f,0f,0.982287250728689f,0.18738131458572263f,1.5f,-1.2246467991473532e-16f,0.18738131458572263f,-0.982287250728689f,-0.015624999999999962f,0f,0f,0f,1f], start_interpolation: 0, interpolation_duration: 1 }