# This file was generated by Animated Java via MC-Build. It is not recommended to edit this file directly.
$data merge entity $(bone_wheel2) { transformation: [-1f,-5.899780949661427e-17f,1.0731661707871613e-16f,-0.3125f,0f,0.8763066800438636f,0.4817536741017152f,1.5f,-1.2246467991473532e-16f,0.4817536741017152f,-0.8763066800438636f,-0.015625000000000038f,0f,0f,0f,1f], start_interpolation: 0, interpolation_duration: 1 }
$data merge entity $(bone_wheel3) { transformation: [-1f,2.2947592712743023e-17f,1.2029549374481423e-16f,1.9135106236677394e-18f,0f,0.9822872507286888f,-0.18738131458572407f,1.5f,-1.2246467991473532e-16f,-0.18738131458572407f,-0.9822872507286888f,-0.015625f,0f,0f,0f,1f], start_interpolation: 0, interpolation_duration: 1 }
$data merge entity $(bone_wheel4) { transformation: [-1f,-1.138647797365521e-16f,4.5082255513284265e-17f,0.3125f,0f,0.3681245526846785f,0.9297764858882512f,1.5f,-1.2246467991473532e-16f,0.9297764858882512f,-0.3681245526846785f,-0.015624999999999962f,0f,0f,0f,1f], start_interpolation: 0, interpolation_duration: 1 }