# This file was generated by Animated Java via MC-Build. It is not recommended to edit this file directly.
$data merge entity $(bone_wheel2) { transformation: [-1f,-9.436065764660188e-17f,7.806192487454668e-17f,-0.3125f,0f,0.6374239897486886f,0.7705132427757901f,1.5f,-1.2246467991473532e-16f,0.7705132427757901f,-0.6374239897486886f,-0.015625000000000038f,0f,0f,0f,1f], start_interpolation: 0, interpolation_duration: 1 }
$data merge entity $(bone_wheel3) { transformation: [-1f,-7.689620875837629e-18f,1.2222302384331873e-16f,1.9135106236677394e-18f,0f,0.9980267284282713f,0.06279051952931607f,1.5f,-1.2246467991473532e-16f,0.06279051952931607f,-0.9980267284282713f,-0.015625f,0f,0f,0f,1f], start_interpolation: 0, interpolation_duration: 1 }
$data merge entity $(bone_wheel4) { transformation: [-1f,-1.214990093351807e-16f,-1.5348894331131717e-17f,0.3125f,0f,-0.1253332335643078f,0.9921147013144773f,1.5f,-1.2246467991473532e-16f,0.9921147013144773f,0.1253332335643078f,-0.015624999999999962f,0f,0f,0f,1f], start_interpolation: 0, interpolation_duration: 1 }