# This file was generated by Animated Java via MC-Build. It is not recommended to edit this file directly.
$data merge entity $(bone_wheel2) { transformation: [-1f,-1.2222302384331878e-16f,-7.689620875836957e-18f,-0.3125f,0f,-0.06279051952931058f,0.9980267284282718f,1.5f,-1.2246467991473532e-16f,0.9980267284282718f,0.06279051952931058f,-0.015625000000000038f,0f,0f,0f,1f], start_interpolation: 0, interpolation_duration: 1 }
$data merge entity $(bone_wheel3) { transformation: [-1f,-6.56198569368413e-17f,1.0340034913967678e-16f,1.9135106236677394e-18f,0f,0.8443279255020152f,0.5358267949789964f,1.5f,-1.2246467991473532e-16f,0.5358267949789964f,-0.8443279255020152f,-0.015625f,0f,0f,0f,1f], start_interpolation: 0, interpolation_duration: 1 }
$data merge entity $(bone_wheel4) { transformation: [-1f,-5.214292465583963e-17f,-1.1080935535844443e-16f,0.3125f,0f,-0.9048270524660189f,0.4257792915650746f,1.5f,-1.2246467991473532e-16f,0.4257792915650746f,0.9048270524660189f,-0.015624999999999962f,0f,0f,0f,1f], start_interpolation: 0, interpolation_duration: 1 }