# This file was generated by Animated Java via MC-Build. It is not recommended to edit this file directly.
$data merge entity $(bone_wheel2) { transformation: [-1f,-4.5082255513284056e-17f,-1.138647797365522e-16f,-0.3125f,0f,-0.929776485888252f,0.36812455268467675f,1.5f,-1.2246467991473532e-16f,0.36812455268467675f,0.929776485888252f,-0.015625000000000038f,0f,0f,0f,1f], start_interpolation: 0, interpolation_duration: 1 }
$data merge entity $(bone_wheel3) { transformation: [-1f,-1.186172267984203e-16f,3.0455727429675687e-17f,1.9135106236677394e-18f,0f,0.24868988716485563f,0.968583161128631f,1.5f,-1.2246467991473532e-16f,0.968583161128631f,-0.24868988716485563f,-0.015625f,0f,0f,0f,1f], start_interpolation: 0, interpolation_duration: 1 }
$data merge entity $(bone_wheel4) { transformation: [-1f,1.0731661707871591e-16f,-5.899780949661465e-17f,0.3125f,0f,-0.4817536741017183f,-0.8763066800438618f,1.5f,-1.2246467991473532e-16f,-0.8763066800438618f,0.4817536741017183f,-0.015624999999999962f,0f,0f,0f,1f], start_interpolation: 0, interpolation_duration: 1 }