# This file was generated by Animated Java via MC-Build. It is not recommended to edit this file directly.
$data merge entity $(bone_wheel2) { transformation: [-1f,1.534889433113133e-17f,1.2149900933518075e-16f,-0.3125f,0f,0.9921147013144778f,-0.12533323356430465f,1.5f,-1.2246467991473532e-16f,-0.12533323356430465f,-0.9921147013144778f,-0.015625000000000038f,0f,0f,0f,1f], start_interpolation: 0, interpolation_duration: 1 }
$data merge entity $(bone_wheel3) { transformation: [-1f,5.214292465583934e-17f,-1.108093553584445e-16f,1.9135106236677394e-18f,0f,-0.9048270524660196f,-0.42577929156507227f,1.5f,-1.2246467991473532e-16f,-0.42577929156507227f,0.9048270524660196f,-0.015625f,0f,0f,0f,1f], start_interpolation: 0, interpolation_duration: 1 }
$data merge entity $(bone_wheel4) { transformation: [-1f,-7.806192487454697e-17f,-9.436065764660161e-17f,0.3125f,0f,-0.7705132427757879f,0.637423989748691f,1.5f,-1.2246467991473532e-16f,0.637423989748691f,0.7705132427757879f,-0.015624999999999962f,0f,0f,0f,1f], start_interpolation: 0, interpolation_duration: 1 }