# This file was generated by Animated Java via MC-Build. It is not recommended to edit this file directly.
$data merge entity $(bone_wheel2) { transformation: [-1f,-3.045572742967549e-17f,1.1861722679842034e-16f,-0.3125f,0f,0.9685831611286313f,0.248689887164854f,1.5f,-1.2246467991473532e-16f,0.248689887164854f,-0.9685831611286313f,-0.015625000000000038f,0f,0f,0f,1f], start_interpolation: 0, interpolation_duration: 1 }
$data merge entity $(bone_wheel3) { transformation: [-1f,7.80619248745468e-17f,-9.436065764660177e-17f,1.9135106236677394e-18f,0f,-0.7705132427757893f,-0.6374239897486896f,1.5f,-1.2246467991473532e-16f,-0.6374239897486896f,0.7705132427757893f,-0.015625f,0f,0f,0f,1f], start_interpolation: 0, interpolation_duration: 1 }
$data merge entity $(bone_wheel4) { transformation: [-1f,-2.2947592712743008e-17f,-1.202954937448142e-16f,0.3125f,0f,-0.9822872507286886f,0.18738131458572393f,1.5f,-1.2246467991473532e-16f,0.18738131458572393f,0.9822872507286886f,-0.015624999999999962f,0f,0f,0f,1f], start_interpolation: 0, interpolation_duration: 1 }