# This file was generated by Animated Java via MC-Build. It is not recommended to edit this file directly.
$data merge entity $(bone_wheel2) { transformation: [-1f,-9.862177245642479e-17f,7.260402071629193e-17f,-0.3125f,0f,0.5928568201610593f,0.8053078857111219f,1.5f,-1.2246467991473532e-16f,0.8053078857111219f,-0.5928568201610593f,-0.015625000000000038f,0f,0f,0f,1f], start_interpolation: 0, interpolation_duration: 1 }
$data merge entity $(bone_wheel3) { transformation: [-1f,-8.07355725130299e-18f,-1.221982630806531e-16f,1.9135106236677394e-18f,0f,-0.9978245414574414f,0.06592559795137762f,1.5f,-1.2246467991473532e-16f,0.06592559795137762f,0.9978245414574414f,-0.015625f,0f,0f,0f,1f], start_interpolation: 0, interpolation_duration: 1 }
$data merge entity $(bone_wheel4) { transformation: [-1f,1.126958986350069e-16f,4.792945083627424e-17f,0.3125f,0f,0.3913736668372023f,-0.9202318473658704f,1.5f,-1.2246467991473532e-16f,-0.9202318473658704f,-0.3913736668372023f,-0.015624999999999962f,0f,0f,0f,1f], start_interpolation: 0, interpolation_duration: 1 }