# This file was generated by Animated Java via MC-Build. It is not recommended to edit this file directly.
$data merge entity $(bone_wheel2) { transformation: [-1f,1.79693005879131e-17f,-1.2113918467201188e-16f,-0.3125f,0f,-0.9891765099647809f,-0.14673047445536155f,1.5f,-1.2246467991473532e-16f,-0.14673047445536155f,0.9891765099647809f,-0.015625000000000038f,0f,0f,0f,1f], start_interpolation: 0, interpolation_duration: 1 }
$data merge entity $(bone_wheel3) { transformation: [-1f,-1.1628366470634724e-16f,-3.841493393304734e-17f,1.9135106236677394e-18f,0f,-0.3136817403988914f,0.9495281805930368f,1.5f,-1.2246467991473532e-16f,0.9495281805930368f,0.3136817403988914f,-0.015625f,0f,0f,0f,1f], start_interpolation: 0, interpolation_duration: 1 }
$data merge entity $(bone_wheel4) { transformation: [-1f,1.1314261122877005e-16f,4.6865204053262906e-17f,0.3125f,0f,0.38268343236508917f,-0.923879532511287f,1.5f,-1.2246467991473532e-16f,-0.923879532511287f,-0.38268343236508917f,-0.015624999999999962f,0f,0f,0f,1f], start_interpolation: 0, interpolation_duration: 1 }