# This file was generated by Animated Java via MC-Build. It is not recommended to edit this file directly.
$data merge entity $(bone_wheel2) { transformation: [-1f,9.081001358089947e-18f,-1.221275285959433e-16f,-0.3125f,0f,-0.997246950557281f,-0.07415200337282957f,1.5f,-1.2246467991473532e-16f,-0.07415200337282957f,0.997246950557281f,-0.015625000000000038f,0f,0f,0f,1f], start_interpolation: 0, interpolation_duration: 1 }
$data merge entity $(bone_wheel3) { transformation: [-1f,-1.2088462443900695e-16f,-1.9608809266725526e-17f,1.9135106236677394e-18f,0f,-0.16011807878302498f,0.9870978679172765f,1.5f,-1.2246467991473532e-16f,0.9870978679172765f,0.16011807878302498f,-0.015625f,0f,0f,0f,1f], start_interpolation: 0, interpolation_duration: 1 }
$data merge entity $(bone_wheel4) { transformation: [-1f,1.2007387830992807e-16f,2.4080315077489375e-17f,0.3125f,0f,0.19663069461541915f,-0.9804776233729446f,1.5f,-1.2246467991473532e-16f,-0.9804776233729446f,-0.19663069461541915f,-0.015624999999999962f,0f,0f,0f,1f], start_interpolation: 0, interpolation_duration: 1 }