# This file was generated by Animated Java via MC-Build. It is not recommended to edit this file directly.
$data merge entity $(bone_wheel2) { transformation: [-1f,-1.2054053867188276e-16f,2.1623514129551614e-17f,-0.3125f,0f,0.1765693924534547f,0.9842881944068099f,1.5f,-1.2246467991473532e-16f,0.9842881944068099f,-0.1765693924534547f,-0.015625000000000038f,0f,0f,0f,1f], start_interpolation: 0, interpolation_duration: 1 }
$data merge entity $(bone_wheel3) { transformation: [-1f,9.77596024307306e-17f,-7.37608158794632e-17f,1.9135106236677394e-18f,0f,-0.6023027695072436f,-0.7982677331847406f,1.5f,-1.2246467991473532e-16f,-0.7982677331847406f,0.6023027695072436f,-0.015625f,0f,0f,0f,1f], start_interpolation: 0, interpolation_duration: 1 }
$data merge entity $(bone_wheel4) { transformation: [-1f,-6.1531543434195856e-18f,1.2231000170977282e-16f,0.3125f,0f,0.9987369566060175f,0.05024431817976947f,1.5f,-1.2246467991473532e-16f,0.05024431817976947f,-0.9987369566060175f,-0.015624999999999962f,0f,0f,0f,1f], start_interpolation: 0, interpolation_duration: 1 }