# This file was generated by Animated Java via MC-Build. It is not recommended to edit this file directly.
$data merge entity $(bone_wheel2) { transformation: [-1f,-4.292807332135184e-17f,-1.1469428210479902e-16f,-0.3125f,0f,-0.9365498867481925f,0.3505343201912587f,1.5f,-1.2246467991473532e-16f,0.3505343201912587f,0.9365498867481925f,-0.015625000000000038f,0f,0f,0f,1f], start_interpolation: 0, interpolation_duration: 1 }
$data merge entity $(bone_wheel3) { transformation: [-1f,-8.740789193525247e-17f,8.577562738945022e-17f,1.9135106236677394e-18f,0f,0.700411150783806f,0.7137396022764216f,1.5f,-1.2246467991473532e-16f,0.7137396022764216f,-0.700411150783806f,-0.015625f,0f,0f,0f,1f], start_interpolation: 0, interpolation_duration: 1 }
$data merge entity $(bone_wheel4) { transformation: [-1f,7.073225625209637e-17f,-9.997272504091475e-17f,0.3125f,0f,-0.8163392507171836f,-0.5775727034222677f,1.5f,-1.2246467991473532e-16f,-0.5775727034222677f,0.8163392507171836f,-0.015624999999999962f,0f,0f,0f,1f], start_interpolation: 0, interpolation_duration: 1 }