# This file was generated by Animated Java via MC-Build. It is not recommended to edit this file directly.
$data merge entity $(bone_wheel2) { transformation: [-1f,-1.0541049682619842e-16f,6.233959404321294e-17f,-0.3125f,0f,0.5090414157503713f,0.8607420270039436f,1.5f,-1.2246467991473532e-16f,0.8607420270039436f,-0.5090414157503713f,-0.015625000000000038f,0f,0f,0f,1f], start_interpolation: 0, interpolation_duration: 1 }
$data merge entity $(bone_wheel3) { transformation: [-1f,-2.0296821232454905e-17f,-1.207710100747541e-16f,1.9135106236677394e-18f,0f,-0.9861701362289892f,0.16573612282811945f,1.5f,-1.2246467991473532e-16f,0.16573612282811945f,0.9861701362289892f,-0.015625f,0f,0f,0f,1f], start_interpolation: 0, interpolation_duration: 1 }
$data merge entity $(bone_wheel4) { transformation: [-1f,9.337227806440402e-17f,7.924150122052328e-17f,0.3125f,0f,0.6470559615694443f,-0.7624425110114478f,1.5f,-1.2246467991473532e-16f,-0.7624425110114478f,-0.6470559615694443f,-0.015624999999999962f,0f,0f,0f,1f], start_interpolation: 0, interpolation_duration: 1 }