# This file was generated by Animated Java via MC-Build. It is not recommended to edit this file directly.
$data merge entity $(bone_wheel2) { transformation: [-1f,1.1739876211189305e-16f,3.485869305085489e-17f,-0.3125f,0f,0.28464282987653966f,-0.9586336419090847f,1.5f,-1.2246467991473532e-16f,-0.9586336419090847f,-0.28464282987653966f,-0.015625000000000038f,0f,0f,0f,1f], start_interpolation: 0, interpolation_duration: 1 }
$data merge entity $(bone_wheel3) { transformation: [-1f,-3.145611885787948e-17f,1.1835586345009502e-16f,1.9135106236677394e-18f,0f,0.9664489674288046f,0.2568587030952961f,1.5f,-1.2246467991473532e-16f,0.2568587030952961f,-0.9664489674288046f,-0.015625f,0f,0f,0f,1f], start_interpolation: 0, interpolation_duration: 1 }
$data merge entity $(bone_wheel4) { transformation: [-1f,8.854532327692017e-17f,-8.460096661625256e-17f,0.3125f,0f,-0.6908193176608557f,-0.7230274340207223f,1.5f,-1.2246467991473532e-16f,-0.7230274340207223f,0.6908193176608557f,-0.015624999999999962f,0f,0f,0f,1f], start_interpolation: 0, interpolation_duration: 1 }