# This file was generated by Animated Java via MC-Build. It is not recommended to edit this file directly.
$data merge entity $(bone_wheel2) { transformation: [-1f,1.1760205884056828e-16f,3.4166556500152206e-17f,-0.3125f,0f,0.2789911060392294f,-0.9602936856769431f,1.5f,-1.2246467991473532e-16f,-0.9602936856769431f,-0.2789911060392294f,-0.015625000000000038f,0f,0f,0f,1f], start_interpolation: 0, interpolation_duration: 1 }
$data merge entity $(bone_wheel3) { transformation: [-1f,-3.082822353212812e-17f,1.185209621141835e-16f,1.9135106236677394e-18f,0f,0.9677971003288655f,0.2517315486684971f,1.5f,-1.2246467991473532e-16f,0.2517315486684971f,-0.9677971003288655f,-0.015625f,0f,0f,0f,1f], start_interpolation: 0, interpolation_duration: 1 }
$data merge entity $(bone_wheel4) { transformation: [-1f,8.713798895734956e-17f,-8.604980364351449e-17f,0.3125f,0f,-0.7026499697988491f,-0.7115356772092853f,1.5f,-1.2246467991473532e-16f,-0.7115356772092853f,0.7026499697988491f,-0.015624999999999962f,0f,0f,0f,1f], start_interpolation: 0, interpolation_duration: 1 }