# This file was generated by Animated Java via MC-Build. It is not recommended to edit this file directly.
$data merge entity $(bone_wheel2) { transformation: [-1f,-4.6865204053263e-17f,-1.1314261122877003e-16f,-0.3125f,0f,-0.9238795325112867f,0.3826834323650899f,1.5f,-1.2246467991473532e-16f,0.3826834323650899f,0.9238795325112867f,-0.015625000000000038f,0f,0f,0f,1f], start_interpolation: 0, interpolation_duration: 1 }
$data merge entity $(bone_wheel3) { transformation: [-1f,1.2011155542966555e-16f,-2.3891673840167808e-17f,1.9135106236677394e-18f,0f,-0.19509032201612841f,-0.9807852804032304f,1.5f,-1.2246467991473532e-16f,-0.9807852804032304f,0.19509032201612841f,-0.015625f,0f,0f,0f,1f], start_interpolation: 0, interpolation_duration: 1 }
$data merge entity $(bone_wheel4) { transformation: [-1f,8.659560562354932e-17f,-8.659560562354932e-17f,0.3125f,0f,-0.7071067811865475f,-0.7071067811865475f,1.5f,-1.2246467991473532e-16f,-0.7071067811865475f,0.7071067811865475f,-0.015624999999999962f,0f,0f,0f,1f], start_interpolation: 0, interpolation_duration: 1 }