# This file was generated by Animated Java via MC-Build. It is not recommended to edit this file directly.
$data merge entity $(bone_wheel2) { transformation: [-1f,1.186172267984203e-16f,-3.045572742967565e-17f,-0.3125f,0f,-0.2486898871648553f,-0.968583161128631f,1.5f,-1.2246467991473532e-16f,-0.968583161128631f,0.2486898871648553f,-0.015625000000000038f,0f,0f,0f,1f], start_interpolation: 0, interpolation_duration: 1 }
$data merge entity $(bone_wheel3) { transformation: [-1f,2.7465246953900104e-17f,1.1934512154411616e-16f,1.9135106236677394e-18f,0f,0.9745268727865771f,-0.2242707609493813f,1.5f,-1.2246467991473532e-16f,-0.2242707609493813f,-0.9745268727865771f,-0.015625f,0f,0f,0f,1f], start_interpolation: 0, interpolation_duration: 1 }
$data merge entity $(bone_wheel4) { transformation: [-1f,-7.92415012205232e-17f,-9.337227806440408e-17f,0.3125f,0f,-0.7624425110114483f,0.6470559615694437f,1.5f,-1.2246467991473532e-16f,0.6470559615694437f,0.7624425110114483f,-0.015624999999999962f,0f,0f,0f,1f], start_interpolation: 0, interpolation_duration: 1 }