# This file was generated by Animated Java via MC-Build. It is not recommended to edit this file directly.
$data merge entity $(bone_wheel2) { transformation: [-1f,4.115418137566868e-17f,-1.1534266852261196e-16f,-0.3125f,0f,-0.9418443636395246f,-0.33604939321543015f,1.5f,-1.2246467991473532e-16f,-0.33604939321543015f,0.9418443636395246f,-0.015625000000000038f,0f,0f,0f,1f], start_interpolation: 0, interpolation_duration: 1 }
$data merge entity $(bone_wheel3) { transformation: [-1f,1.0989961132567366e-16f,5.403400093537809e-17f,1.9135106236677394e-18f,0f,0.441221101243221f,-0.8973984286913586f,1.5f,-1.2246467991473532e-16f,-0.8973984286913586f,-0.441221101243221f,-0.015625f,0f,0f,0f,1f], start_interpolation: 0, interpolation_duration: 1 }
$data merge entity $(bone_wheel4) { transformation: [-1f,-1.1928205764148064e-16f,-2.7737854124518476e-17f,0.3125f,0f,-0.2264967674257643f,0.9740119169423335f,1.5f,-1.2246467991473532e-16f,0.9740119169423335f,0.2264967674257643f,-0.015624999999999962f,0f,0f,0f,1f], start_interpolation: 0, interpolation_duration: 1 }