# This file was generated by Animated Java via MC-Build. It is not recommended to edit this file directly.
$data merge entity $(bone_wheel2) { transformation: [-1f,-1.0109115164015549e-16f,6.912435812856177e-17f,-0.3125f,0f,0.5644432188667692f,0.825471896962774f,1.5f,-1.2246467991473532e-16f,0.825471896962774f,-0.5644432188667692f,-0.015625000000000038f,0f,0f,0f,1f], start_interpolation: 0, interpolation_duration: 1 }
$data merge entity $(bone_wheel3) { transformation: [-1f,8.535023626592442e-17f,-8.782331692648292e-17f,1.9135106236677394e-18f,0f,-0.7171318047589634f,-0.6969375686552938f,1.5f,-1.2246467991473532e-16f,-0.6969375686552938f,0.7171318047589634f,-0.015625f,0f,0f,0f,1f], start_interpolation: 0, interpolation_duration: 1 }
$data merge entity $(bone_wheel4) { transformation: [-1f,1.1280511334060182e-16f,-4.767183897053429e-17f,0.3125f,0f,-0.3892701063173911f,-0.9211236531148502f,1.5f,-1.2246467991473532e-16f,-0.9211236531148502f,0.3892701063173911f,-0.015624999999999962f,0f,0f,0f,1f], start_interpolation: 0, interpolation_duration: 1 }