# This file was generated by Animated Java via MC-Build. It is not recommended to edit this file directly.
$data merge entity $(bone_wheel2) { transformation: [-1f,-1.1844132999161817e-16f,3.11327669254627e-17f,-0.3125f,0f,0.2542183341934878f,0.9671468547019568f,1.5f,-1.2246467991473532e-16f,0.9671468547019568f,-0.2542183341934878f,-0.015625000000000038f,0f,0f,0f,1f], start_interpolation: 0, interpolation_duration: 1 }
$data merge entity $(bone_wheel3) { transformation: [-1f,1.1534266852261203e-16f,-4.115418137566853e-17f,1.9135106236677394e-18f,0f,-0.3360493932154289f,-0.9418443636395252f,1.5f,-1.2246467991473532e-16f,-0.9418443636395252f,0.3360493932154289f,-0.015625f,0f,0f,0f,1f], start_interpolation: 0, interpolation_duration: 1 }
$data merge entity $(bone_wheel4) { transformation: [-1f,1.2067104210984437e-16f,-2.088294573911315e-17f,0.3125f,0f,-0.17052219263262414f,-0.985353835847693f,1.5f,-1.2246467991473532e-16f,-0.985353835847693f,0.17052219263262414f,-0.015624999999999962f,0f,0f,0f,1f], start_interpolation: 0, interpolation_duration: 1 }