# This file was generated by Animated Java via MC-Build. It is not recommended to edit this file directly.
$data merge entity $(bone_wheel2) { transformation: [-1f,-1.1139779115129319e-16f,-5.087366659905146e-17f,-0.3125f,0f,-0.415415013001885f,0.909631995354519f,1.5f,-1.2246467991473532e-16f,0.909631995354519f,0.415415013001885f,-0.015625000000000038f,0f,0f,0f,1f], start_interpolation: 0, interpolation_duration: 1 }
$data merge entity $(bone_wheel3) { transformation: [-1f,1.0302384462531082e-16f,6.620940465854071e-17f,1.9135106236677394e-18f,0f,0.5406408174555984f,-0.8412535328311807f,1.5f,-1.2246467991473532e-16f,-0.8412535328311807f,-0.5406408174555984f,-0.015625f,0f,0f,0f,1f], start_interpolation: 0, interpolation_duration: 1 }
$data merge entity $(bone_wheel4) { transformation: [-1f,1.1750399989413702e-16f,3.4502287395145626e-17f,0.3125f,0f,0.2817325568414294f,-0.9594929736144975f,1.5f,-1.2246467991473532e-16f,-0.9594929736144975f,-0.2817325568414294f,-0.015624999999999962f,0f,0f,0f,1f], start_interpolation: 0, interpolation_duration: 1 }