# This file was generated by Animated Java via MC-Build. It is not recommended to edit this file directly.
$data merge entity $(bone_wheel2) { transformation: [-1f,7.75216675377445e-17f,-9.480500455559286e-17f,-0.3125f,0f,-0.7741416106390822f,-0.6330124538088705f,1.5f,-1.2246467991473532e-16f,-0.6330124538088705f,0.7741416106390822f,-0.015625000000000038f,0f,0f,0f,1f], start_interpolation: 0, interpolation_duration: 1 }
$data merge entity $(bone_wheel3) { transformation: [-1f,7.47827971201658e-17f,9.69800550706314e-17f,1.9135106236677394e-18f,0f,0.7919022459222749f,-0.6106478796354385f,1.5f,-1.2246467991473532e-16f,-0.6106478796354385f,-0.7919022459222749f,-0.015625f,0f,0f,0f,1f], start_interpolation: 0, interpolation_duration: 1 }
$data merge entity $(bone_wheel4) { transformation: [-1f,-1.0989961132567364e-16f,-5.403400093537809e-17f,0.3125f,0f,-0.441221101243221f,0.8973984286913584f,1.5f,-1.2246467991473532e-16f,0.8973984286913584f,0.441221101243221f,-0.015624999999999962f,0f,0f,0f,1f], start_interpolation: 0, interpolation_duration: 1 }