# This file was generated by Animated Java via MC-Build. It is not recommended to edit this file directly.
$data merge entity $(bone_wheel2) { transformation: [-1f,6.620940465854053e-17f,-1.0302384462531092e-16f,-0.3125f,0f,-0.8412535328311814f,-0.5406408174555969f,1.5f,-1.2246467991473532e-16f,-0.5406408174555969f,0.8412535328311814f,-0.015625000000000038f,0f,0f,0f,1f], start_interpolation: 0, interpolation_duration: 1 }
$data merge entity $(bone_wheel3) { transformation: [-1f,-1.1750399989413697e-16f,3.450228739514572e-17f,1.9135106236677394e-18f,0f,0.28173255684143017f,0.9594929736144971f,1.5f,-1.2246467991473532e-16f,0.9594929736144971f,-0.28173255684143017f,-0.015625f,0f,0f,0f,1f], start_interpolation: 0, interpolation_duration: 1 }
$data merge entity $(bone_wheel4) { transformation: [-1f,1.7428541116255208e-17f,1.2121816605269022e-16f,0.3125f,0f,0.9898214418809327f,-0.1423148382732853f,1.5f,-1.2246467991473532e-16f,-0.1423148382732853f,-0.9898214418809327f,-0.015624999999999962f,0f,0f,0f,1f], start_interpolation: 0, interpolation_duration: 1 }