# This file was generated by Animated Java via MC-Build. It is not recommended to edit this file directly.
$data merge entity $(bone_wheel2) { transformation: [-1f,9.255262971899184e-17f,8.019731017133782e-17f,-0.3125f,0f,0.6548607339452838f,-0.7557495743542594f,1.5f,-1.2246467991473532e-16f,-0.7557495743542594f,-0.6548607339452838f,-0.015625000000000038f,0f,0f,0f,1f], start_interpolation: 0, interpolation_duration: 1 }
$data merge entity $(bone_wheel3) { transformation: [-1f,5.0873666599051445e-17f,-1.113977911512932e-16f,1.9135106236677394e-18f,0f,-0.9096319953545193f,-0.4154150130018849f,1.5f,-1.2246467991473532e-16f,-0.4154150130018849f,0.9096319953545193f,-0.015625f,0f,0f,0f,1f], start_interpolation: 0, interpolation_duration: 1 }
$data merge entity $(bone_wheel4) { transformation: [-1f,-1.0302384462531083e-16f,6.62094046585407e-17f,0.3125f,0f,0.5406408174555983f,0.8412535328311808f,1.5f,-1.2246467991473532e-16f,0.8412535328311808f,-0.5406408174555983f,-0.015624999999999962f,0f,0f,0f,1f], start_interpolation: 0, interpolation_duration: 1 }