# This file was generated by Animated Java via MC-Build. It is not recommended to edit this file directly.
$data merge entity $(bone_wheel2) { transformation: [-1f,2.0882945739112856e-17f,1.2067104210984442e-16f,-0.3125f,0f,0.9853538358476933f,-0.17052219263262172f,1.5f,-1.2246467991473532e-16f,-0.17052219263262172f,-0.9853538358476933f,-0.015625000000000038f,0f,0f,0f,1f], start_interpolation: 0, interpolation_duration: 1 }
$data merge entity $(bone_wheel3) { transformation: [-1f,1.1928205764148064e-16f,-2.7737854124518503e-17f,1.9135106236677394e-18f,0f,-0.22649676742576452f,-0.9740119169423335f,1.5f,-1.2246467991473532e-16f,-0.9740119169423335f,0.22649676742576452f,-0.015625f,0f,0f,0f,1f], start_interpolation: 0, interpolation_duration: 1 }
$data merge entity $(bone_wheel4) { transformation: [-1f,-1.21666422720596e-16f,1.395992152527435e-17f,0.3125f,0f,0.1139914098905398f,0.9934817353485503f,1.5f,-1.2246467991473532e-16f,0.9934817353485503f,-0.1139914098905398f,-0.015624999999999962f,0f,0f,0f,1f], start_interpolation: 0, interpolation_duration: 1 }