# This file was generated by Animated Java via MC-Build. It is not recommended to edit this file directly.
$data merge entity $(bone_wheel2) { transformation: [-1f,-9.255262971899148e-17f,8.019731017133824e-17f,-0.3125f,0f,0.6548607339452872f,0.7557495743542565f,1.5f,-1.2246467991473532e-16f,0.7557495743542565f,-0.6548607339452872f,-0.015625000000000038f,0f,0f,0f,1f], start_interpolation: 0, interpolation_duration: 1 }
$data merge entity $(bone_wheel3) { transformation: [-1f,5.087366659905158e-17f,1.1139779115129311e-16f,1.9135106236677394e-18f,0f,0.9096319953545186f,-0.415415013001886f,1.5f,-1.2246467991473532e-16f,-0.415415013001886f,-0.9096319953545186f,-0.015625f,0f,0f,0f,1f], start_interpolation: 0, interpolation_duration: 1 }
$data merge entity $(bone_wheel4) { transformation: [-1f,-1.0302384462531093e-16f,-6.620940465854054e-17f,0.3125f,0f,-0.540640817455597f,0.8412535328311815f,1.5f,-1.2246467991473532e-16f,0.8412535328311815f,0.540640817455597f,-0.015624999999999962f,0f,0f,0f,1f], start_interpolation: 0, interpolation_duration: 1 }