# This file was generated by Animated Java via MC-Build. It is not recommended to edit this file directly.
$data merge entity $(bone_wheel2) { transformation: [-1f,5.4034000935377946e-17f,-1.098996113256737e-16f,-0.3125f,0f,-0.897398428691359f,-0.44122110124321984f,1.5f,-1.2246467991473532e-16f,-0.44122110124321984f,0.897398428691359f,-0.015625000000000038f,0f,0f,0f,1f], start_interpolation: 0, interpolation_duration: 1 }
$data merge entity $(bone_wheel3) { transformation: [-1f,1.0479916022062258e-17f,-1.2201544650899368e-16f,1.9135106236677394e-18f,0f,-0.9963317308626911f,-0.08557500847884292f,1.5f,-1.2246467991473532e-16f,-0.08557500847884292f,0.9963317308626911f,-0.015625f,0f,0f,0f,1f], start_interpolation: 0, interpolation_duration: 1 }
$data merge entity $(bone_wheel4) { transformation: [-1f,9.022476763005186e-17f,-8.280754272843578e-17f,0.3125f,0f,-0.6761749002740187f,-0.7367411378764054f,1.5f,-1.2246467991473532e-16f,-0.7367411378764054f,0.6761749002740187f,-0.015624999999999962f,0f,0f,0f,1f], start_interpolation: 0, interpolation_duration: 1 }