# This file was generated by Animated Java via MC-Build. It is not recommended to edit this file directly.
$data merge entity $(bone_wheel2) { transformation: [-1f,1.2201544650899375e-16f,-1.0479916022061796e-17f,-0.3125f,0f,-0.08557500847883914f,-0.9963317308626916f,1.5f,-1.2246467991473532e-16f,-0.9963317308626916f,0.08557500847883914f,-0.015625000000000038f,0f,0f,0f,1f], start_interpolation: 0, interpolation_duration: 1 }
$data merge entity $(bone_wheel3) { transformation: [-1f,1.216664227205959e-16f,-1.395992152527529e-17f,1.9135106236677394e-18f,0f,-0.11399140989054746f,-0.9934817353485494f,1.5f,-1.2246467991473532e-16f,-0.9934817353485494f,0.11399140989054746f,-0.015625f,0f,0f,0f,1f], start_interpolation: 0, interpolation_duration: 1 }
$data merge entity $(bone_wheel4) { transformation: [-1f,1.2226495274907532e-16f,-6.991362949022056e-18f,0.3125f,0f,-0.05708881086277051f,-0.9983691039261355f,1.5f,-1.2246467991473532e-16f,-0.9983691039261355f,0.05708881086277051f,-0.015624999999999962f,0f,0f,0f,1f], start_interpolation: 0, interpolation_duration: 1 }