# This file was generated by Animated Java via MC-Build. It is not recommended to edit this file directly.
$data merge entity $(bone_wheel2) { transformation: [-1f,1.2121816605269022e-16f,1.7428541116255137e-17f,-0.3125f,0f,0.14231483827328473f,-0.9898214418809328f,1.5f,-1.2246467991473532e-16f,-0.9898214418809328f,-0.14231483827328473f,-0.015625000000000038f,0f,0f,0f,1f], start_interpolation: 0, interpolation_duration: 1 }
$data merge entity $(bone_wheel3) { transformation: [-1f,-8.019731017133792e-17f,9.255262971899175e-17f,1.9135106236677394e-18f,0f,0.7557495743542587f,0.6548607339452845f,1.5f,-1.2246467991473532e-16f,0.6548607339452845f,-0.7557495743542587f,-0.015625f,0f,0f,0f,1f], start_interpolation: 0, interpolation_duration: 1 }
$data merge entity $(bone_wheel4) { transformation: [-1f,-5.087366659905167e-17f,-1.1139779115129311e-16f,0.3125f,0f,-0.9096319953545184f,0.4154150130018867f,1.5f,-1.2246467991473532e-16f,0.4154150130018867f,0.9096319953545184f,-0.015624999999999962f,0f,0f,0f,1f], start_interpolation: 0, interpolation_duration: 1 }