# This file was generated by Animated Java via MC-Build. It is not recommended to edit this file directly.
$data merge entity $(bone_wheel2) { transformation: [-1f,-1.2121816605269015e-16f,1.74285411162556e-17f,-0.3125f,0f,0.1423148382732885f,0.9898214418809322f,1.5f,-1.2246467991473532e-16f,0.9898214418809322f,-0.1423148382732885f,-0.015625000000000038f,0f,0f,0f,1f], start_interpolation: 0, interpolation_duration: 1 }
$data merge entity $(bone_wheel3) { transformation: [-1f,-8.019731017133814e-17f,-9.255262971899158e-17f,1.9135106236677394e-18f,0f,-0.7557495743542573f,0.6548607339452863f,1.5f,-1.2246467991473532e-16f,0.6548607339452863f,0.7557495743542573f,-0.015625f,0f,0f,0f,1f], start_interpolation: 0, interpolation_duration: 1 }
$data merge entity $(bone_wheel4) { transformation: [-1f,-5.087366659905165e-17f,1.113977911512931e-16f,0.3125f,0f,0.9096319953545183f,0.41541501300188655f,1.5f,-1.2246467991473532e-16f,0.41541501300188655f,-0.9096319953545183f,-0.015624999999999962f,0f,0f,0f,1f], start_interpolation: 0, interpolation_duration: 1 }