# This file was generated by Animated Java via MC-Build. It is not recommended to edit this file directly.
$data merge entity $(bone_wheel2) { transformation: [-1f,-1.2002549713419395e-16f,-2.4320317931889406e-17f,-0.3125f,0f,-0.19859046664574764f,0.9800825610923931f,1.5f,-1.2246467991473532e-16f,0.9800825610923931f,0.19859046664574764f,-0.015625000000000038f,0f,0f,0f,1f], start_interpolation: 0, interpolation_duration: 1 }
$data merge entity $(bone_wheel3) { transformation: [-1f,-3.113276692546247e-17f,-1.1844132999161822e-16f,1.9135106236677394e-18f,0f,-0.9671468547019573f,0.25421833419348594f,1.5f,-1.2246467991473532e-16f,0.25421833419348594f,0.9671468547019573f,-0.015625f,0f,0f,0f,1f], start_interpolation: 0, interpolation_duration: 1 }
$data merge entity $(bone_wheel4) { transformation: [-1f,-7.478279712016572e-17f,9.698005507063146e-17f,0.3125f,0f,0.7919022459222753f,0.6106478796354379f,1.5f,-1.2246467991473532e-16f,0.6106478796354379f,-0.7919022459222753f,-0.015624999999999962f,0f,0f,0f,1f], start_interpolation: 0, interpolation_duration: 1 }