# This file was generated by Animated Java via MC-Build. It is not recommended to edit this file directly.
$data merge entity $(bone_wheel2) { transformation: [-1f,-1.0487250988505505e-16f,-6.324044984839698e-17f,-0.3125f,0f,-0.5163974616389595f,0.8563490302515907f,1.5f,-1.2246467991473532e-16f,0.8563490302515907f,0.5163974616389595f,-0.015625000000000038f,0f,0f,0f,1f], start_interpolation: 0, interpolation_duration: 1 }
$data merge entity $(bone_wheel3) { transformation: [-1f,2.432031793188914e-17f,-1.20025497134194e-16f,1.9135106236677394e-18f,0f,-0.9800825610923936f,-0.19859046664574548f,1.5f,-1.2246467991473532e-16f,-0.19859046664574548f,0.9800825610923936f,-0.015625f,0f,0f,0f,1f], start_interpolation: 0, interpolation_duration: 1 }
$data merge entity $(bone_wheel4) { transformation: [-1f,-9.480500455559282e-17f,7.752166753774457e-17f,0.3125f,0f,0.6330124538088711f,0.7741416106390819f,1.5f,-1.2246467991473532e-16f,0.7741416106390819f,-0.6330124538088711f,-0.015624999999999962f,0f,0f,0f,1f], start_interpolation: 0, interpolation_duration: 1 }