# This file was generated by Animated Java via MC-Build. It is not recommended to edit this file directly.
$data merge entity $(bone_wheel2) { transformation: [-1f,1.0831179580069852e-16f,5.715026436549845e-17f,-0.3125f,0f,0.4666673232256736f,-0.8844329309978143f,1.5f,-1.2246467991473532e-16f,-0.8844329309978143f,-0.4666673232256736f,-0.015625000000000038f,0f,0f,0f,1f], start_interpolation: 0, interpolation_duration: 1 }
$data merge entity $(bone_wheel3) { transformation: [-1f,-1.1280511334060184e-16f,4.767183897053422e-17f,1.9135106236677394e-18f,0f,0.38927010631739056f,0.9211236531148504f,1.5f,-1.2246467991473532e-16f,0.9211236531148504f,-0.38927010631739056f,-0.015625f,0f,0f,0f,1f], start_interpolation: 0, interpolation_duration: 1 }
$data merge entity $(bone_wheel4) { transformation: [-1f,-2.4320317931889126e-17f,-1.20025497134194e-16f,0.3125f,0f,-0.9800825610923936f,0.19859046664574537f,1.5f,-1.2246467991473532e-16f,0.19859046664574537f,0.9800825610923936f,-0.015624999999999962f,0f,0f,0f,1f], start_interpolation: 0, interpolation_duration: 1 }