# This file was generated by Animated Java via MC-Build. It is not recommended to edit this file directly.
$data merge entity $(bone_wheel2) { transformation: [-1f,4.767183897053432e-17f,1.1280511334060182e-16f,-0.3125f,0f,0.9211236531148502f,-0.38927010631739134f,1.5f,-1.2246467991473532e-16f,-0.38927010631739134f,-0.9211236531148502f,-0.015625000000000038f,0f,0f,0f,1f], start_interpolation: 0, interpolation_duration: 1 }
$data merge entity $(bone_wheel3) { transformation: [-1f,-1.0663563962148492e-16f,-6.02199152202606e-17f,1.9135106236677394e-18f,0f,-0.49173292464560436f,0.8707460771197769f,1.5f,-1.2246467991473532e-16f,0.8707460771197769f,0.49173292464560436f,-0.015625f,0f,0f,0f,1f], start_interpolation: 0, interpolation_duration: 1 }
$data merge entity $(bone_wheel4) { transformation: [-1f,3.113276692546259e-17f,-1.1844132999161822e-16f,0.3125f,0f,-0.9671468547019573f,-0.25421833419348694f,1.5f,-1.2246467991473532e-16f,-0.25421833419348694f,0.9671468547019573f,-0.015624999999999962f,0f,0f,0f,1f], start_interpolation: 0, interpolation_duration: 1 }