# This file was generated by Animated Java via MC-Build. It is not recommended to edit this file directly.
$data merge entity $(bone_wheel2) { transformation: [-1f,6.991362949021706e-18f,1.2226495274907532e-16f,-0.3125f,0f,0.9983691039261356f,-0.05708881086276766f,1.5f,-1.2246467991473532e-16f,-0.05708881086276766f,-0.9983691039261356f,-0.015625000000000038f,0f,0f,0f,1f], start_interpolation: 0, interpolation_duration: 1 }
$data merge entity $(bone_wheel3) { transformation: [-1f,-6.912435812856181e-17f,-1.0109115164015548e-16f,1.9135106236677394e-18f,0f,-0.8254718969627739f,0.5644432188667694f,1.5f,-1.2246467991473532e-16f,0.5644432188667694f,0.8254718969627739f,-0.015625f,0f,0f,0f,1f], start_interpolation: 0, interpolation_duration: 1 }
$data merge entity $(bone_wheel4) { transformation: [-1f,5.715026436549845e-17f,-1.0831179580069852e-16f,0.3125f,0f,-0.8844329309978143f,-0.4666673232256736f,1.5f,-1.2246467991473532e-16f,-0.4666673232256736f,0.8844329309978143f,-0.015624999999999962f,0f,0f,0f,1f], start_interpolation: 0, interpolation_duration: 1 }