# This file was generated by Animated Java via MC-Build. It is not recommended to edit this file directly.
$data merge entity $(bone_wheel2) { transformation: [-1f,1.1739876211189305e-16f,3.485869305085489e-17f,-0.3125f,0f,0.28464282987653966f,-0.9586336419090847f,1.5f,-1.2246467991473532e-16f,-0.9586336419090847f,-0.28464282987653966f,-0.015625000000000038f,0f,0f,0f,1f], start_interpolation: 0, interpolation_duration: 1 }
$data merge entity $(bone_wheel3) { transformation: [-1f,5.770824279942692e-17f,-1.0801553841749331e-16f,1.9135106236677394e-18f,0f,-0.8820138058801765f,-0.4712235629048771f,1.5f,-1.2246467991473532e-16f,-0.4712235629048771f,0.8820138058801765f,-0.015625f,0f,0f,0f,1f], start_interpolation: 0, interpolation_duration: 1 }
$data merge entity $(bone_wheel4) { transformation: [-1f,-6.683343174306376e-17f,1.0262012584314937e-16f,0.3125f,0f,0.8379569187997511f,0.5457363852957097f,1.5f,-1.2246467991473532e-16f,0.5457363852957097f,-0.8379569187997511f,-0.015624999999999962f,0f,0f,0f,1f], start_interpolation: 0, interpolation_duration: 1 }