# This file was generated by Animated Java via MC-Build. It is not recommended to edit this file directly.
$data merge entity $(bone_wheel2) { transformation: [-1f,1.1760205884056828e-16f,3.4166556500152206e-17f,-0.3125f,0f,0.2789911060392294f,-0.9602936856769431f,1.5f,-1.2246467991473532e-16f,-0.9602936856769431f,-0.2789911060392294f,-0.015625000000000038f,0f,0f,0f,1f], start_interpolation: 0, interpolation_duration: 1 }
$data merge entity $(bone_wheel3) { transformation: [-1f,5.66237186341311e-17f,-1.085879934185236e-16f,1.9135106236677394e-18f,0f,-0.8866882557005562f,-0.4623677510409919f,1.5f,-1.2246467991473532e-16f,-0.4623677510409919f,0.8866882557005562f,-0.015625f,0f,0f,0f,1f], start_interpolation: 0, interpolation_duration: 1 }
$data merge entity $(bone_wheel4) { transformation: [-1f,-6.561985693684133e-17f,1.0340034913967676e-16f,0.3125f,0f,0.8443279255020151f,0.5358267949789967f,1.5f,-1.2246467991473532e-16f,0.5358267949789967f,-0.8443279255020151f,-0.015624999999999962f,0f,0f,0f,1f], start_interpolation: 0, interpolation_duration: 1 }