# This file was generated by Animated Java via MC-Build. It is not recommended to edit this file directly.
$data merge entity $(bone_wheel2) { transformation: [-1f,1.1879456692975942e-16f,2.975648995747799e-17f,-0.3125f,0f,0.2429801799032637f,-0.9700312531945441f,1.5f,-1.2246467991473532e-16f,-0.9700312531945441f,-0.2429801799032637f,-0.015625000000000038f,0f,0f,0f,1f], start_interpolation: 0, interpolation_duration: 1 }
$data merge entity $(bone_wheel3) { transformation: [-1f,4.9627747807847813e-17f,-1.1195840510716127e-16f,1.9135106236677394e-18f,0f,-0.9142097557035307f,-0.4052413140049897f,1.5f,-1.2246467991473532e-16f,-0.4052413140049897f,0.9142097557035307f,-0.015625f,0f,0f,0f,1f], start_interpolation: 0, interpolation_duration: 1 }
$data merge entity $(bone_wheel4) { transformation: [-1f,-5.77294504882465e-17f,1.0800420534841999e-16f,0.3125f,0f,0.8819212643483552f,0.4713967368259975f,1.5f,-1.2246467991473532e-16f,0.4713967368259975f,-0.8819212643483552f,-0.015624999999999962f,0f,0f,0f,1f], start_interpolation: 0, interpolation_duration: 1 }