# This file was generated by Animated Java via MC-Build. It is not recommended to edit this file directly.
$data merge entity $(bone_wheel2) { transformation: [-1f,1.215289125910066e-16f,1.5110302150058284e-17f,-0.3125f,0f,0.12338498055585223f,-0.9923588799286435f,1.5f,-1.2246467991473532e-16f,-0.9923588799286435f,-0.12338498055585223f,-0.015625000000000038f,0f,0f,0f,1f], start_interpolation: 0, interpolation_duration: 1 }
$data merge entity $(bone_wheel3) { transformation: [-1f,2.55637512726033e-17f,-1.19766825321084e-16f,1.9135106236677394e-18f,0f,-0.9779703454454813f,-0.20874387039921863f,1.5f,-1.2246467991473532e-16f,-0.20874387039921863f,0.9779703454454813f,-0.015625f,0f,0f,0f,1f], start_interpolation: 0, interpolation_duration: 1 }
$data merge entity $(bone_wheel4) { transformation: [-1f,-2.9989685034030605e-17f,1.1873591124077928e-16f,0.3125f,0f,0.9695522931464635f,0.24488436220884743f,1.5f,-1.2246467991473532e-16f,0.24488436220884743f,-0.9695522931464635f,-0.015624999999999962f,0f,0f,0f,1f], start_interpolation: 0, interpolation_duration: 1 }