# This file was generated by Animated Java via MC-Build. It is not recommended to edit this file directly.
$data merge entity $(bone_wheel2) { transformation: [-1f,1.2222302384331876e-16f,7.689620875837352e-18f,-0.3125f,0f,0.0627905195293138f,-0.9980267284282716f,1.5f,-1.2246467991473532e-16f,-0.9980267284282716f,-0.0627905195293138f,-0.015625000000000038f,0f,0f,0f,1f], start_interpolation: 0, interpolation_duration: 1 }
$data merge entity $(bone_wheel3) { transformation: [-1f,1.305610088366016e-17f,-1.2176672803493684e-16f,1.9135106236677394e-18f,0f,-0.9943007903969991f,-0.10661115427525981f,1.5f,-1.2246467991473532e-16f,-0.10661115427525981f,0.9943007903969991f,-0.015625f,0f,0f,0f,1f], start_interpolation: 0, interpolation_duration: 1 }
$data merge entity $(bone_wheel4) { transformation: [-1f,-1.5348894331131163e-17f,1.2149900933518077e-16f,0.3125f,0f,0.992114701314478f,0.1253332335643033f,1.5f,-1.2246467991473532e-16f,0.1253332335643033f,-0.992114701314478f,-0.015624999999999962f,0f,0f,0f,1f], start_interpolation: 0, interpolation_duration: 1 }