# This file was generated by Animated Java via MC-Build. It is not recommended to edit this file directly.
$data merge entity $(bone_wheel2) { transformation: [-1f,-1.202954937448142e-16f,2.2947592712743076e-17f,-0.3125f,0f,0.1873813145857245f,0.9822872507286886f,1.5f,-1.2246467991473532e-16f,0.9822872507286886f,-0.1873813145857245f,-0.015625000000000038f,0f,0f,0f,1f], start_interpolation: 0, interpolation_duration: 1 }
$data merge entity $(bone_wheel3) { transformation: [-1f,7.135900308197572e-17f,-9.952633071587216e-17f,1.9135106236677394e-18f,0f,-0.8126941644330943f,-0.5826904796685758f,1.5f,-1.2246467991473532e-16f,-0.5826904796685758f,0.8126941644330943f,-0.015625f,0f,0f,0f,1f], start_interpolation: 0, interpolation_duration: 1 }
$data merge entity $(bone_wheel4) { transformation: [-1f,4.5082255513284185e-17f,1.1386477973655213e-16f,0.3125f,0f,0.9297764858882515f,-0.3681245526846778f,1.5f,-1.2246467991473532e-16f,-0.3681245526846778f,-0.9297764858882515f,-0.015624999999999962f,0f,0f,0f,1f], start_interpolation: 0, interpolation_duration: 1 }