# This file was generated by Animated Java via MC-Build. It is not recommended to edit this file directly.
$data merge entity $(bone_wheel2) { transformation: [-1f,-1.1930183201671618e-16f,-2.7652679871466478e-17f,-0.3125f,0f,-0.2258012668691034f,0.9741733869698493f,1.5f,-1.2246467991473532e-16f,0.9741733869698493f,0.2258012668691034f,-0.015625000000000038f,0f,0f,0f,1f], start_interpolation: 0, interpolation_duration: 1 }
$data merge entity $(bone_wheel3) { transformation: [-1f,1.189219970040962e-16f,-2.924305823911571e-17f,1.9135106236677394e-18f,0f,-0.23878769176121528f,-0.9710717987169388f,1.5f,-1.2246467991473532e-16f,-0.9710717987169388f,0.23878769176121528f,-0.015625f,0f,0f,0f,1f], start_interpolation: 0, interpolation_duration: 1 }
$data merge entity $(bone_wheel4) { transformation: [-1f,-5.387700961835901e-17f,1.0997665962012952e-16f,0.3125f,0f,0.8980275757606156f,0.4399391698559151f,1.5f,-1.2246467991473532e-16f,0.4399391698559151f,-0.8980275757606156f,-0.015624999999999962f,0f,0f,0f,1f], start_interpolation: 0, interpolation_duration: 1 }