# This file was generated by Animated Java via MC-Build. It is not recommended to edit this file directly.
$data merge entity $(bone_wheel2) { transformation: [-1f,-9.436065764660177e-17f,-7.806192487454685e-17f,-0.3125f,0f,-0.63742398974869f,0.7705132427757893f,1.5f,-1.2246467991473532e-16f,0.7705132427757893f,0.63742398974869f,-0.015625000000000038f,0f,0f,0f,1f], start_interpolation: 0, interpolation_duration: 1 }
$data merge entity $(bone_wheel3) { transformation: [-1f,1.0461881223143635e-16f,6.36592644781735e-17f,1.9135106236677394e-18f,0f,0.5198173426207096f,-0.8542774316992952f,1.5f,-1.2246467991473532e-16f,-0.8542774316992952f,-0.5198173426207096f,-0.015625f,0f,0f,0f,1f], start_interpolation: 0, interpolation_duration: 1 }
$data merge entity $(bone_wheel4) { transformation: [-1f,-1.202954937448142e-16f,2.2947592712743116e-17f,0.3125f,0f,0.18738131458572482f,0.9822872507286886f,1.5f,-1.2246467991473532e-16f,0.9822872507286886f,-0.18738131458572482f,-0.015624999999999962f,0f,0f,0f,1f], start_interpolation: 0, interpolation_duration: 1 }