# This file was generated by Animated Java via MC-Build. It is not recommended to edit this file directly.
$data merge entity $(bone_wheel2) { transformation: [-1f,6.480573697190364e-17f,-1.0391253188209311e-16f,-0.3125f,0f,-0.8485102149815038f,-0.5291790009741905f,1.5f,-1.2246467991473532e-16f,-0.5291790009741905f,0.8485102149815038f,-0.015625000000000038f,0f,0f,0f,1f], start_interpolation: 0, interpolation_duration: 1 }
$data merge entity $(bone_wheel3) { transformation: [-1f,-1.2106043289725007e-16f,1.8492415022083818e-17f,1.9135106236677394e-18f,0f,0.15100202797213824f,0.9885334529232188f,1.5f,-1.2246467991473532e-16f,0.9885334529232188f,-0.15100202797213824f,-0.015625f,0f,0f,0f,1f], start_interpolation: 0, interpolation_duration: 1 }
$data merge entity $(bone_wheel4) { transformation: [-1f,1.0997665962012945e-16f,-5.3877009618359136e-17f,0.3125f,0f,-0.4399391698559161f,-0.8980275757606151f,1.5f,-1.2246467991473532e-16f,-0.8980275757606151f,0.4399391698559161f,-0.015624999999999962f,0f,0f,0f,1f], start_interpolation: 0, interpolation_duration: 1 }