# This file was generated by Animated Java via MC-Build. It is not recommended to edit this file directly.
$data merge entity $(bone_wheel2) { transformation: [-1f,1.0128815779222972e-16f,-6.883536095405432e-17f,-0.3125f,0f,-0.5620833778521299f,-0.827080574274562f,1.5f,-1.2246467991473532e-16f,-0.827080574274562f,0.5620833778521299f,-0.015625000000000038f,0f,0f,0f,1f], start_interpolation: 0, interpolation_duration: 1 }
$data merge entity $(bone_wheel3) { transformation: [-1f,-1.0401420025690024e-16f,-6.464243166478216e-17f,1.9135106236677394e-18f,0f,-0.5278455119450665f,0.8493404002633166f,1.5f,-1.2246467991473532e-16f,0.8493404002633166f,0.5278455119450665f,-0.015625f,0f,0f,0f,1f], start_interpolation: 0, interpolation_duration: 1 }
$data merge entity $(bone_wheel4) { transformation: [-1f,1.1386477973655213e-16f,4.508225551328424e-17f,0.3125f,0f,0.36812455268467825f,-0.9297764858882513f,1.5f,-1.2246467991473532e-16f,-0.9297764858882513f,-0.36812455268467825f,-0.015624999999999962f,0f,0f,0f,1f], start_interpolation: 0, interpolation_duration: 1 }