# This file was generated by Animated Java via MC-Build. It is not recommended to edit this file directly.
$data merge entity $(bone_wheel2) { transformation: [-1f,1.1668571439963932e-17f,-1.2190751522022358e-16f,-0.3125f,0f,-0.9954504050073893f,-0.09528111654795526f,1.5f,-1.2246467991473532e-16f,-0.09528111654795526f,0.9954504050073893f,-0.015625000000000038f,0f,0f,0f,1f], start_interpolation: 0, interpolation_duration: 1 }
$data merge entity $(bone_wheel3) { transformation: [-1f,-1.1985642687184573e-16f,-2.514030159191555e-17f,1.9135106236677394e-18f,0f,-0.2052861413545457f,0.9787019976314351f,1.5f,-1.2246467991473532e-16f,0.9787019976314351f,0.2052861413545457f,-0.015625f,0f,0f,0f,1f], start_interpolation: 0, interpolation_duration: 1 }
$data merge entity $(bone_wheel4) { transformation: [-1f,1.1852096211418351e-16f,3.082822353212802e-17f,0.3125f,0f,0.25173154866849634f,-0.9677971003288656f,1.5f,-1.2246467991473532e-16f,-0.9677971003288656f,-0.25173154866849634f,-0.015624999999999962f,0f,0f,0f,1f], start_interpolation: 0, interpolation_duration: 1 }