# This file was generated by Animated Java via MC-Build. It is not recommended to edit this file directly.
$data merge entity $(bone_wheel2) { transformation: [-1f,2.110261625755809e-17f,-1.2063282063230065e-16f,-0.3125f,0f,-0.9850417337985933f,-0.17231593854040653f,1.5f,-1.2246467991473532e-16f,-0.17231593854040653f,0.9850417337985933f,-0.015625000000000038f,0f,0f,0f,1f], start_interpolation: 0, interpolation_duration: 1 }
$data merge entity $(bone_wheel3) { transformation: [-1f,-1.1394426882794447e-16f,-4.488096955151143e-17f,1.9135106236677394e-18f,0f,-0.3664809280746033f,0.9304255635769995f,1.5f,-1.2246467991473532e-16f,0.9304255635769995f,0.3664809280746033f,-0.015625f,0f,0f,0f,1f], start_interpolation: 0, interpolation_duration: 1 }
$data merge entity $(bone_wheel4) { transformation: [-1f,1.0963597176715779e-16f,5.4566945317559766e-17f,0.3125f,0f,0.44557292237689594f,-0.8952456483248119f,1.5f,-1.2246467991473532e-16f,-0.8952456483248119f,-0.44557292237689594f,-0.015624999999999962f,0f,0f,0f,1f], start_interpolation: 0, interpolation_duration: 1 }