# This file was generated by Animated Java via MC-Build. It is not recommended to edit this file directly.
$data merge entity $(bone_wheel2) { transformation: [-1f,-9.484926936022094e-17f,-7.746750240230309e-17f,-0.3125f,0f,-0.6325701619131245f,0.7745030601987339f,1.5f,-1.2246467991473532e-16f,0.7745030601987339f,0.6325701619131245f,-0.015625000000000038f,0f,0f,0f,1f], start_interpolation: 0, interpolation_duration: 1 }
$data merge entity $(bone_wheel3) { transformation: [-1f,4.184521462232176e-17f,1.15093769769829e-16f,1.9135106236677394e-18f,0f,0.9398119510863195f,-0.3416921078914837f,1.5f,-1.2246467991473532e-16f,-0.3416921078914837f,-0.9398119510863195f,-0.015625f,0f,0f,0f,1f], start_interpolation: 0, interpolation_duration: 1 }
$data merge entity $(bone_wheel4) { transformation: [-1f,-8.713798895734961e-17f,-8.604980364351449e-17f,0.3125f,0f,-0.7026499697988491f,0.7115356772092858f,1.5f,-1.2246467991473532e-16f,0.7115356772092858f,0.7026499697988491f,-0.015624999999999962f,0f,0f,0f,1f], start_interpolation: 0, interpolation_duration: 1 }