# This file was generated by Animated Java via MC-Build. It is not recommended to edit this file directly.
$data merge entity $(bone_wheel2) { transformation: [-1f,-1.839732868667601e-17f,-1.2107491946647324e-16f,-0.3125f,0f,-0.988651744737914f,0.15022558912075668f,1.5f,-1.2246467991473532e-16f,0.15022558912075668f,0.988651744737914f,-0.015625000000000038f,0f,0f,0f,1f], start_interpolation: 0, interpolation_duration: 1 }
$data merge entity $(bone_wheel3) { transformation: [-1f,-1.1598609076896975e-16f,3.930425644571956e-17f,1.9135106236677394e-18f,0f,0.32094360980720904f,0.9470983049947445f,1.5f,-1.2246467991473532e-16f,0.9470983049947445f,-0.32094360980720904f,-0.015625f,0f,0f,0f,1f], start_interpolation: 0, interpolation_duration: 1 }
$data merge entity $(bone_wheel4) { transformation: [-1f,1.1269589863500684e-16f,-4.7929450836274376e-17f,0.3125f,0f,-0.3913736668372034f,-0.92023184736587f,1.5f,-1.2246467991473532e-16f,-0.92023184736587f,0.3913736668372034f,-0.015624999999999962f,0f,0f,0f,1f], start_interpolation: 0, interpolation_duration: 1 }