# This file was generated by Animated Java via MC-Build. It is not recommended to edit this file directly.
$data merge entity $(bone_wheel2) { transformation: [-1f,-1.5539725514284733e-17f,1.2147474946489606e-16f,-0.3125f,0f,0.9919166044403293f,0.1268914884283705f,1.5f,-1.2246467991473532e-16f,0.1268914884283705f,-0.9919166044403293f,-0.015625000000000038f,0f,0f,0f,1f], start_interpolation: 0, interpolation_duration: 1 }
$data merge entity $(bone_wheel3) { transformation: [-1f,-7.785612232747514e-18f,1.2221694673317555e-16f,1.9135106236677394e-18f,0f,0.9979771050581093f,0.06357434844208273f,1.5f,-1.2246467991473532e-16f,0.06357434844208273f,-0.9979771050581093f,-0.015625f,0f,0f,0f,1f], start_interpolation: 0, interpolation_duration: 1 }
$data merge entity $(bone_wheel4) { transformation: [-1f,-2.3230968331539527e-17f,1.2024109088409664e-16f,0.3125f,0f,0.9818430176587499f,0.18969525211443686f,1.5f,-1.2246467991473532e-16f,0.18969525211443686f,-0.9818430176587499f,-0.015624999999999962f,0f,0f,0f,1f], start_interpolation: 0, interpolation_duration: 1 }