# This file was generated by Animated Java via MC-Build. It is not recommended to edit this file directly.
$data merge entity $(bone_wheel2) { transformation: [-1f,-2.802734055357949e-17f,1.19214369973222e-16f,-0.3125f,0f,0.9734592051865377f,0.22886060350701296f,1.5f,-1.2246467991473532e-16f,0.22886060350701296f,-0.9734592051865377f,-0.015625000000000038f,0f,0f,0f,1f], start_interpolation: 0, interpolation_duration: 1 }
$data merge entity $(bone_wheel3) { transformation: [-1f,-1.410758956397426e-17f,1.2164938858585777e-16f,1.9135106236677394e-18f,0f,0.9933426410827579f,0.11519721093295238f,1.5f,-1.2246467991473532e-16f,0.11519721093295238f,-0.9933426410827579f,-0.015625f,0f,0f,0f,1f], start_interpolation: 0, interpolation_duration: 1 }
$data merge entity $(bone_wheel4) { transformation: [-1f,-4.1573915412062813e-17f,1.15192045662577e-16f,0.3125f,0f,0.9406144346498777f,0.33947678172194784f,1.5f,-1.2246467991473532e-16f,0.33947678172194784f,-0.9406144346498777f,-0.015624999999999962f,0f,0f,0f,1f], start_interpolation: 0, interpolation_duration: 1 }