# This file was generated by Animated Java via MC-Build. It is not recommended to edit this file directly.
$data merge entity $(bone_wheel2) { transformation: [-1f,-1.8397328686676075e-17f,1.2107491946647324e-16f,-0.3125f,0f,0.988651744737914f,0.1502255891207572f,1.5f,-1.2246467991473532e-16f,0.1502255891207572f,-0.988651744737914f,-0.015625000000000038f,0f,0f,0f,1f], start_interpolation: 0, interpolation_duration: 1 }
$data merge entity $(bone_wheel3) { transformation: [-1f,-9.224873127977805e-18f,1.2211674554454557e-16f,1.9135106236677394e-18f,0f,0.9971589002606139f,0.07532680552793279f,1.5f,-1.2246467991473532e-16f,0.07532680552793279f,-0.9971589002606139f,-0.015625f,0f,0f,0f,1f], start_interpolation: 0, interpolation_duration: 1 }
$data merge entity $(bone_wheel4) { transformation: [-1f,-2.746524695390007e-17f,1.1934512154411616e-16f,0.3125f,0f,0.9745268727865772f,0.22427076094938103f,1.5f,-1.2246467991473532e-16f,0.22427076094938103f,-0.9745268727865772f,-0.015624999999999962f,0f,0f,0f,1f], start_interpolation: 0, interpolation_duration: 1 }