# This file was generated by Animated Java via MC-Build. It is not recommended to edit this file directly.
$data merge entity $(bone_wheel2) { transformation: [-1f,5.628230052626919e-17f,-1.0876534592456039e-16f,-0.3125f,0f,-0.8881364488135441f,-0.459579860621488f,1.5f,-1.2246467991473532e-16f,-0.459579860621488f,0.8881364488135441f,-0.015625000000000038f,0f,0f,0f,1f], start_interpolation: 0, interpolation_duration: 1 }
$data merge entity $(bone_wheel3) { transformation: [-1f,1.1899056916639516e-16f,2.8962773970666397e-17f,1.9135106236677394e-18f,0f,0.2364989970237248f,-0.971631732914674f,1.5f,-1.2246467991473532e-16f,-0.971631732914674f,-0.2364989970237248f,-0.015625f,0f,0f,0f,1f], start_interpolation: 0, interpolation_duration: 1 }
$data merge entity $(bone_wheel4) { transformation: [-1f,-9.236915391709408e-17f,-8.040856441486045e-17f,0.3125f,0f,-0.6565857557529569f,0.7542513807361035f,1.5f,-1.2246467991473532e-16f,0.7542513807361035f,0.6565857557529569f,-0.015624999999999962f,0f,0f,0f,1f], start_interpolation: 0, interpolation_duration: 1 }