# This file was generated by Animated Java via MC-Build. It is not recommended to edit this file directly.
$data merge entity $(bone_wheel2) { transformation: [-1f,1.132892840313993e-16f,-4.6509525371385024e-17f,-0.3125f,0f,-0.3797790955218008f,-0.925077206834458f,1.5f,-1.2246467991473532e-16f,-0.925077206834458f,0.3797790955218008f,-0.015625000000000038f,0f,0f,0f,1f], start_interpolation: 0, interpolation_duration: 1 }
$data merge entity $(bone_wheel3) { transformation: [-1f,1.0171866093350695e-16f,6.819759412554685e-17f,1.9135106236677394e-18f,0f,0.5568756164881881f,-0.8305958991958126f,1.5f,-1.2246467991473532e-16f,-0.8305958991958126f,-0.5568756164881881f,-0.015625f,0f,0f,0f,1f], start_interpolation: 0, interpolation_duration: 1 }
$data merge entity $(bone_wheel4) { transformation: [-1f,2.4457418839474887e-17f,-1.19997635353073e-16f,0.3125f,0f,-0.9798550523842469f,-0.19970998051440705f,1.5f,-1.2246467991473532e-16f,-0.19970998051440705f,0.9798550523842469f,-0.015624999999999962f,0f,0f,0f,1f], start_interpolation: 0, interpolation_duration: 1 }