# This file was generated by Animated Java via MC-Build. It is not recommended to edit this file directly.
$data merge entity $(bone_wheel2) { transformation: [-1f,8.874441363756768e-17f,8.439210196898088e-17f,-0.3125f,0f,0.6891138083873485f,-0.7246531301870466f,1.5f,-1.2246467991473532e-16f,-0.7246531301870466f,-0.6891138083873485f,-0.015625000000000038f,0f,0f,0f,1f], start_interpolation: 0, interpolation_duration: 1 }
$data merge entity $(bone_wheel3) { transformation: [-1f,4.828325833897101e-17f,1.1254476794054337e-16f,1.9135106236677394e-18f,0f,0.9189977715934213f,-0.39426272434295095f,1.5f,-1.2246467991473532e-16f,-0.39426272434295095f,-0.9189977715934213f,-0.015625f,0f,0f,0f,1f], start_interpolation: 0, interpolation_duration: 1 }
$data merge entity $(bone_wheel4) { transformation: [-1f,1.1482857840960807e-16f,4.256753935861301e-17f,0.3125f,0f,0.3475903369710368f,-0.9376464992972358f,1.5f,-1.2246467991473532e-16f,-0.9376464992972358f,-0.3475903369710368f,-0.015624999999999962f,0f,0f,0f,1f], start_interpolation: 0, interpolation_duration: 1 }