# This file was generated by Animated Java via MC-Build. It is not recommended to edit this file directly.
$data merge entity $(bone_wheel2) { transformation: [-1f,5.628230052626916e-17f,1.0876534592456045e-16f,-0.3125f,0f,0.8881364488135446f,-0.45957986062148765f,1.5f,-1.2246467991473532e-16f,-0.45957986062148765f,-0.8881364488135446f,-0.015625000000000038f,0f,0f,0f,1f], start_interpolation: 0, interpolation_duration: 1 }
$data merge entity $(bone_wheel3) { transformation: [-1f,2.896277397066637e-17f,1.1899056916639516e-16f,1.9135106236677394e-18f,0f,0.971631732914674f,-0.23649899702372457f,1.5f,-1.2246467991473532e-16f,-0.23649899702372457f,-0.971631732914674f,-0.015625f,0f,0f,0f,1f], start_interpolation: 0, interpolation_duration: 1 }
$data merge entity $(bone_wheel4) { transformation: [-1f,8.040856441486037e-17f,9.236915391709414e-17f,0.3125f,0f,0.754251380736104f,-0.6565857557529563f,1.5f,-1.2246467991473532e-16f,-0.6565857557529563f,-0.754251380736104f,-0.015624999999999962f,0f,0f,0f,1f], start_interpolation: 0, interpolation_duration: 1 }