# This file was generated by Animated Java via MC-Build. It is not recommended to edit this file directly.
$data merge entity $(bone_wheel2) { transformation: [-1f,-3.4502287395145614e-17f,1.1750399989413702e-16f,-0.3125f,0f,0.9594929736144975f,0.2817325568414293f,1.5f,-1.2246467991473532e-16f,0.2817325568414293f,-0.9594929736144975f,-0.015625000000000038f,0f,0f,0f,1f], start_interpolation: 0, interpolation_duration: 1 }
$data merge entity $(bone_wheel3) { transformation: [-1f,-1.742854111625533e-17f,-1.212181660526902e-16f,1.9135106236677394e-18f,0f,-0.9898214418809326f,0.1423148382732863f,1.5f,-1.2246467991473532e-16f,0.1423148382732863f,0.9898214418809326f,-0.015625f,0f,0f,0f,1f], start_interpolation: 0, interpolation_duration: 1 }
$data merge entity $(bone_wheel4) { transformation: [-1f,8.019731017133797e-17f,-9.255262971899169e-17f,0.3125f,0f,-0.7557495743542582f,-0.654860733945285f,1.5f,-1.2246467991473532e-16f,-0.654860733945285f,0.7557495743542582f,-0.015624999999999962f,0f,0f,0f,1f], start_interpolation: 0, interpolation_duration: 1 }