# This file was generated by Animated Java via MC-Build. It is not recommended to edit this file directly.
$data merge entity $(bone_wheel2) { transformation: [-1f,-8.78233169264829e-17f,-8.535023626592444e-17f,-0.3125f,0f,-0.6969375686552939f,0.7171318047589632f,1.5f,-1.2246467991473532e-16f,0.7171318047589632f,0.6969375686552939f,-0.015625000000000038f,0f,0f,0f,1f], start_interpolation: 0, interpolation_duration: 1 }
$data merge entity $(bone_wheel3) { transformation: [-1f,6.324044984839729e-17f,1.0487250988505483e-16f,1.9135106236677394e-18f,0f,0.8563490302515889f,-0.5163974616389619f,1.5f,-1.2246467991473532e-16f,-0.5163974616389619f,-0.8563490302515889f,-0.015625f,0f,0f,0f,1f], start_interpolation: 0, interpolation_duration: 1 }
$data merge entity $(bone_wheel4) { transformation: [-1f,1.0663563962148489e-16f,6.021991522026063e-17f,0.3125f,0f,0.4917329246456046f,-0.8707460771197767f,1.5f,-1.2246467991473532e-16f,-0.8707460771197767f,-0.4917329246456046f,-0.015624999999999962f,0f,0f,0f,1f], start_interpolation: 0, interpolation_duration: 1 }