# This file was generated by Animated Java via MC-Build. It is not recommended to edit this file directly.
$data merge entity $(bone_wheel2) { transformation: [-1f,-5.403400093537825e-17f,-1.0989961132567357e-16f,-0.3125f,0f,-0.8973984286913579f,0.44122110124322234f,1.5f,-1.2246467991473532e-16f,0.44122110124322234f,0.8973984286913579f,-0.015625000000000038f,0f,0f,0f,1f], start_interpolation: 0, interpolation_duration: 1 }
$data merge entity $(bone_wheel3) { transformation: [-1f,1.0479916022061989e-17f,1.2201544650899372e-16f,1.9135106236677394e-18f,0f,0.9963317308626913f,-0.08557500847884071f,1.5f,-1.2246467991473532e-16f,-0.08557500847884071f,-0.9963317308626913f,-0.015625f,0f,0f,0f,1f], start_interpolation: 0, interpolation_duration: 1 }
$data merge entity $(bone_wheel4) { transformation: [-1f,9.022476763005185e-17f,8.280754272843582e-17f,0.3125f,0f,0.676174900274019f,-0.7367411378764053f,1.5f,-1.2246467991473532e-16f,-0.7367411378764053f,-0.676174900274019f,-0.015624999999999962f,0f,0f,0f,1f], start_interpolation: 0, interpolation_duration: 1 }