# This file was generated by Animated Java via MC-Build. It is not recommended to edit this file directly.
$data merge entity $(bone_wheel2) { transformation: [-1f,-1.3959921525274574e-17f,-1.2166642272059597e-16f,-0.3125f,0f,-0.9934817353485501f,0.11399140989054163f,1.5f,-1.2246467991473532e-16f,0.11399140989054163f,0.9934817353485501f,-0.015625000000000038f,0f,0f,0f,1f], start_interpolation: 0, interpolation_duration: 1 }
$data merge entity $(bone_wheel3) { transformation: [-1f,-4.443112950636563e-17f,1.1412043006143616e-16f,1.9135106236677394e-18f,0f,0.9318640292114531f,0.36280770535063916f,1.5f,-1.2246467991473532e-16f,0.36280770535063916f,-0.9318640292114531f,-0.015625f,0f,0f,0f,1f], start_interpolation: 0, interpolation_duration: 1 }
$data merge entity $(bone_wheel4) { transformation: [-1f,6.912435812856187e-17f,1.0109115164015543e-16f,0.3125f,0f,0.8254718969627735f,-0.56444321886677f,1.5f,-1.2246467991473532e-16f,-0.56444321886677f,-0.8254718969627735f,-0.015624999999999962f,0f,0f,0f,1f], start_interpolation: 0, interpolation_duration: 1 }