# This file was generated by Animated Java via MC-Build. It is not recommended to edit this file directly.
$data merge entity $(bone_wheel2) { transformation: [-1f,2.773785412451838e-17f,-1.1928205764148064e-16f,-0.3125f,0f,-0.9740119169423336f,-0.22649676742576352f,1.5f,-1.2246467991473532e-16f,-0.22649676742576352f,0.9740119169423336f,-0.015625000000000038f,0f,0f,0f,1f], start_interpolation: 0, interpolation_duration: 1 }
$data merge entity $(bone_wheel3) { transformation: [-1f,-9.022476763005171e-17f,8.280754272843597e-17f,1.9135106236677394e-18f,0f,0.6761749002740203f,0.7367411378764042f,1.5f,-1.2246467991473532e-16f,0.7367411378764042f,-0.6761749002740203f,-0.015625f,0f,0f,0f,1f], start_interpolation: 0, interpolation_duration: 1 }
$data merge entity $(bone_wheel4) { transformation: [-1f,4.443112950636582e-17f,1.1412043006143608e-16f,0.3125f,0f,0.9318640292114524f,-0.3628077053506407f,1.5f,-1.2246467991473532e-16f,-0.3628077053506407f,-0.9318640292114524f,-0.015624999999999962f,0f,0f,0f,1f], start_interpolation: 0, interpolation_duration: 1 }