# This file was generated by Animated Java via MC-Build. It is not recommended to edit this file directly.
$data merge entity $(bone_wheel2) { transformation: [-1f,6.02199152202607e-17f,1.0663563962148485e-16f,-0.3125f,0f,0.8707460771197764f,-0.4917329246456052f,1.5f,-1.2246467991473532e-16f,-0.4917329246456052f,-0.8707460771197764f,-0.015625000000000038f,0f,0f,0f,1f], start_interpolation: 0, interpolation_duration: 1 }
$data merge entity $(bone_wheel3) { transformation: [-1f,9.480500455559266e-17f,-7.752166753774473e-17f,1.9135106236677394e-18f,0f,-0.6330124538088724f,-0.7741416106390806f,1.5f,-1.2246467991473532e-16f,-0.7741416106390806f,0.6330124538088724f,-0.015625f,0f,0f,0f,1f], start_interpolation: 0, interpolation_duration: 1 }
$data merge entity $(bone_wheel4) { transformation: [-1f,-1.1534266852261198e-16f,4.1154181375668623e-17f,0.3125f,0f,0.3360493932154297f,0.9418443636395248f,1.5f,-1.2246467991473532e-16f,0.9418443636395248f,-0.3360493932154297f,-0.015624999999999962f,0f,0f,0f,1f], start_interpolation: 0, interpolation_duration: 1 }