# This file was generated by Animated Java via MC-Build. It is not recommended to edit this file directly.
$data merge entity $(bone_wheel2) { transformation: [-1f,-2.088294573911295e-17f,1.206710421098444e-16f,-0.3125f,0f,0.9853538358476932f,0.1705221926326225f,1.5f,-1.2246467991473532e-16f,0.1705221926326225f,-0.9853538358476932f,-0.015625000000000038f,0f,0f,0f,1f], start_interpolation: 0, interpolation_duration: 1 }
$data merge entity $(bone_wheel3) { transformation: [-1f,1.1928205764148066e-16f,2.7737854124518352e-17f,1.9135106236677394e-18f,0f,0.2264967674257633f,-0.9740119169423338f,1.5f,-1.2246467991473532e-16f,-0.9740119169423338f,-0.2264967674257633f,-0.015625f,0f,0f,0f,1f], start_interpolation: 0, interpolation_duration: 1 }
$data merge entity $(bone_wheel4) { transformation: [-1f,-1.21666422720596e-16f,-1.395992152527428e-17f,0.3125f,0f,-0.11399140989053924f,0.9934817353485503f,1.5f,-1.2246467991473532e-16f,0.9934817353485503f,0.11399140989053924f,-0.015624999999999962f,0f,0f,0f,1f], start_interpolation: 0, interpolation_duration: 1 }