# This file was generated by Animated Java via MC-Build. It is not recommended to edit this file directly.
$data merge entity $(bone_wheel2) { transformation: [-1f,-6.021991522026022e-17f,1.0663563962148513e-16f,-0.3125f,0f,0.8707460771197786f,0.4917329246456012f,1.5f,-1.2246467991473532e-16f,0.4917329246456012f,-0.8707460771197786f,-0.015625000000000038f,0f,0f,0f,1f], start_interpolation: 0, interpolation_duration: 1 }
$data merge entity $(bone_wheel3) { transformation: [-1f,9.480500455559306e-17f,7.75216675377443e-17f,1.9135106236677394e-18f,0f,0.6330124538088688f,-0.7741416106390838f,1.5f,-1.2246467991473532e-16f,-0.7741416106390838f,-0.6330124538088688f,-0.015625f,0f,0f,0f,1f], start_interpolation: 0, interpolation_duration: 1 }
$data merge entity $(bone_wheel4) { transformation: [-1f,-1.1534266852261198e-16f,-4.1154181375668667e-17f,0.3125f,0f,-0.33604939321543004f,0.9418443636395248f,1.5f,-1.2246467991473532e-16f,0.9418443636395248f,0.33604939321543004f,-0.015624999999999962f,0f,0f,0f,1f], start_interpolation: 0, interpolation_duration: 1 }