# This file was generated by Animated Java via MC-Build. It is not recommended to edit this file directly.
$data merge entity $(bone_wheel2) { transformation: [-1f,-9.698005507063148e-17f,-7.478279712016574e-17f,-0.3125f,0f,-0.610647879635438f,0.7919022459222754f,1.5f,-1.2246467991473532e-16f,0.7919022459222754f,0.610647879635438f,-0.015625000000000038f,0f,0f,0f,1f], start_interpolation: 0, interpolation_duration: 1 }
$data merge entity $(bone_wheel3) { transformation: [-1f,-1.206710421098443e-16f,2.0882945739113533e-17f,1.9135106236677394e-18f,0f,0.17052219263262725f,0.9853538358476924f,1.5f,-1.2246467991473532e-16f,0.9853538358476924f,-0.17052219263262725f,-0.015625f,0f,0f,0f,1f], start_interpolation: 0, interpolation_duration: 1 }
$data merge entity $(bone_wheel4) { transformation: [-1f,-1.047991602206219e-17f,-1.2201544650899368e-16f,0.3125f,0f,-0.9963317308626911f,0.08557500847884236f,1.5f,-1.2246467991473532e-16f,0.08557500847884236f,0.9963317308626911f,-0.015624999999999962f,0f,0f,0f,1f], start_interpolation: 0, interpolation_duration: 1 }