# This file was generated by Animated Java via MC-Build. It is not recommended to edit this file directly.
$data merge entity $(bone_wheel2) { transformation: [-1f,-6.620940465854082e-17f,-1.0302384462531077e-16f,-0.3125f,0f,-0.8412535328311803f,0.5406408174555993f,1.5f,-1.2246467991473532e-16f,0.5406408174555993f,0.8412535328311803f,-0.015625000000000038f,0f,0f,0f,1f], start_interpolation: 0, interpolation_duration: 1 }
$data merge entity $(bone_wheel3) { transformation: [-1f,-1.1750399989413704e-16f,-3.450228739514553e-17f,1.9135106236677394e-18f,0f,-0.2817325568414286f,0.9594929736144976f,1.5f,-1.2246467991473532e-16f,0.9594929736144976f,0.2817325568414286f,-0.015625f,0f,0f,0f,1f], start_interpolation: 0, interpolation_duration: 1 }
$data merge entity $(bone_wheel4) { transformation: [-1f,1.7428541116255244e-17f,-1.212181660526902e-16f,0.3125f,0f,-0.9898214418809326f,-0.1423148382732856f,1.5f,-1.2246467991473532e-16f,-0.1423148382732856f,0.9898214418809326f,-0.015624999999999962f,0f,0f,0f,1f], start_interpolation: 0, interpolation_duration: 1 }