# This file was generated by Animated Java via MC-Build. It is not recommended to edit this file directly.
$data merge entity $(bone_wheel2) { transformation: [-1f,1.395992152527424e-17f,-1.2166642272059602e-16f,-0.3125f,0f,-0.9934817353485506f,-0.1139914098905389f,1.5f,-1.2246467991473532e-16f,-0.1139914098905389f,0.9934817353485506f,-0.015625000000000038f,0f,0f,0f,1f], start_interpolation: 0, interpolation_duration: 1 }
$data merge entity $(bone_wheel3) { transformation: [-1f,-4.443112950636619e-17f,-1.141204300614359e-16f,1.9135106236677394e-18f,0f,-0.9318640292114511f,0.36280770535064377f,1.5f,-1.2246467991473532e-16f,0.36280770535064377f,0.9318640292114511f,-0.015625f,0f,0f,0f,1f], start_interpolation: 0, interpolation_duration: 1 }
$data merge entity $(bone_wheel4) { transformation: [-1f,6.912435812856174e-17f,-1.0109115164015554e-16f,0.3125f,0f,-0.8254718969627743f,-0.5644432188667688f,1.5f,-1.2246467991473532e-16f,-0.5644432188667688f,0.8254718969627743f,-0.015624999999999962f,0f,0f,0f,1f], start_interpolation: 0, interpolation_duration: 1 }