# This file was generated by Animated Java via MC-Build. It is not recommended to edit this file directly.
$data merge entity $(bone_wheel2) { transformation: [-1f,8.782331692648295e-17f,-8.535023626592433e-17f,-0.3125f,0f,-0.696937568655293f,-0.7171318047589637f,1.5f,-1.2246467991473532e-16f,-0.7171318047589637f,0.696937568655293f,-0.015625000000000038f,0f,0f,0f,1f], start_interpolation: 0, interpolation_duration: 1 }
$data merge entity $(bone_wheel3) { transformation: [-1f,6.324044984839677e-17f,-1.0487250988505517e-16f,1.9135106236677394e-18f,0f,-0.8563490302515917f,-0.5163974616389577f,1.5f,-1.2246467991473532e-16f,-0.5163974616389577f,0.8563490302515917f,-0.015625f,0f,0f,0f,1f], start_interpolation: 0, interpolation_duration: 1 }
$data merge entity $(bone_wheel4) { transformation: [-1f,1.0663563962148487e-16f,-6.021991522026071e-17f,0.3125f,0f,-0.49173292464560525f,-0.8707460771197765f,1.5f,-1.2246467991473532e-16f,-0.8707460771197765f,0.49173292464560525f,-0.015624999999999962f,0f,0f,0f,1f], start_interpolation: 0, interpolation_duration: 1 }