# This file was generated by Animated Java via MC-Build. It is not recommended to edit this file directly.
$data merge entity $(bone_wheel2) { transformation: [-1f,1.20025497134194e-16f,-2.432031793188908e-17f,-0.3125f,0f,-0.19859046664574498f,-0.9800825610923936f,1.5f,-1.2246467991473532e-16f,-0.9800825610923936f,0.19859046664574498f,-0.015625000000000038f,0f,0f,0f,1f], start_interpolation: 0, interpolation_duration: 1 }
$data merge entity $(bone_wheel3) { transformation: [-1f,-3.1132766925462626e-17f,1.184413299916182e-16f,1.9135106236677394e-18f,0f,0.967146854701957f,0.2542183341934872f,1.5f,-1.2246467991473532e-16f,0.2542183341934872f,-0.967146854701957f,-0.015625f,0f,0f,0f,1f], start_interpolation: 0, interpolation_duration: 1 }
$data merge entity $(bone_wheel4) { transformation: [-1f,-7.478279712016579e-17f,-9.698005507063143e-17f,0.3125f,0f,-0.7919022459222751f,0.6106478796354384f,1.5f,-1.2246467991473532e-16f,0.6106478796354384f,0.7919022459222751f,-0.015624999999999962f,0f,0f,0f,1f], start_interpolation: 0, interpolation_duration: 1 }