# This file was generated by Animated Java via MC-Build. It is not recommended to edit this file directly.
$data merge entity $(bone_wheel2) { transformation: [-1f,1.1139779115129301e-16f,-5.0873666599051784e-17f,-0.3125f,0f,-0.41541501300188766f,-0.9096319953545178f,1.5f,-1.2246467991473532e-16f,-0.9096319953545178f,0.41541501300188766f,-0.015625000000000038f,0f,0f,0f,1f], start_interpolation: 0, interpolation_duration: 1 }
$data merge entity $(bone_wheel3) { transformation: [-1f,1.0302384462531072e-16f,-6.620940465854086e-17f,1.9135106236677394e-18f,0f,-0.5406408174555997f,-0.8412535328311799f,1.5f,-1.2246467991473532e-16f,-0.8412535328311799f,0.5406408174555997f,-0.015625f,0f,0f,0f,1f], start_interpolation: 0, interpolation_duration: 1 }
$data merge entity $(bone_wheel4) { transformation: [-1f,1.17503999894137e-16f,-3.450228739514572e-17f,0.3125f,0f,-0.28173255684143017f,-0.9594929736144974f,1.5f,-1.2246467991473532e-16f,-0.9594929736144974f,0.28173255684143017f,-0.015624999999999962f,0f,0f,0f,1f], start_interpolation: 0, interpolation_duration: 1 }