# This file was generated by Animated Java via MC-Build. It is not recommended to edit this file directly.
$data merge entity $(bone_wheel2) { transformation: [-1f,3.4502287395145515e-17f,1.1750399989413704e-16f,-0.3125f,0f,0.9594929736144977f,-0.2817325568414285f,1.5f,-1.2246467991473532e-16f,-0.2817325568414285f,-0.9594929736144977f,-0.015625000000000038f,0f,0f,0f,1f], start_interpolation: 0, interpolation_duration: 1 }
$data merge entity $(bone_wheel3) { transformation: [-1f,-1.7428541116255167e-17f,1.2121816605269022e-16f,1.9135106236677394e-18f,0f,0.9898214418809328f,0.14231483827328498f,1.5f,-1.2246467991473532e-16f,0.14231483827328498f,-0.9898214418809328f,-0.015625f,0f,0f,0f,1f], start_interpolation: 0, interpolation_duration: 1 }
$data merge entity $(bone_wheel4) { transformation: [-1f,8.019731017133791e-17f,9.255262971899177e-17f,0.3125f,0f,0.7557495743542588f,-0.6548607339452844f,1.5f,-1.2246467991473532e-16f,-0.6548607339452844f,-0.7557495743542588f,-0.015624999999999962f,0f,0f,0f,1f], start_interpolation: 0, interpolation_duration: 1 }