# This file was generated by Animated Java via MC-Build. It is not recommended to edit this file directly.
$data merge entity $(bone_wheel2) { transformation: [-1f,-4.76718389705341e-17f,1.128051133406019e-16f,-0.3125f,0f,0.9211236531148509f,0.38927010631738956f,1.5f,-1.2246467991473532e-16f,0.38927010631738956f,-0.9211236531148509f,-0.015625000000000038f,0f,0f,0f,1f], start_interpolation: 0, interpolation_duration: 1 }
$data merge entity $(bone_wheel3) { transformation: [-1f,-1.0663563962148503e-16f,6.021991522026038e-17f,1.9135106236677394e-18f,0f,0.4917329246456026f,0.8707460771197778f,1.5f,-1.2246467991473532e-16f,0.8707460771197778f,-0.4917329246456026f,-0.015625f,0f,0f,0f,1f], start_interpolation: 0, interpolation_duration: 1 }
$data merge entity $(bone_wheel4) { transformation: [-1f,3.1132766925462404e-17f,1.1844132999161824e-16f,0.3125f,0f,0.9671468547019575f,-0.2542183341934854f,1.5f,-1.2246467991473532e-16f,-0.2542183341934854f,-0.9671468547019575f,-0.015624999999999962f,0f,0f,0f,1f], start_interpolation: 0, interpolation_duration: 1 }