# This file was generated by Animated Java via MC-Build. It is not recommended to edit this file directly.
$data merge entity $(bone_wheel2) { transformation: [-1f,-1.0831179580069863e-16f,5.715026436549826e-17f,-0.3125f,0f,0.46666732322567206f,0.8844329309978152f,1.5f,-1.2246467991473532e-16f,0.8844329309978152f,-0.46666732322567206f,-0.015625000000000038f,0f,0f,0f,1f], start_interpolation: 0, interpolation_duration: 1 }
$data merge entity $(bone_wheel3) { transformation: [-1f,-1.1280511334060182e-16f,-4.7671838970534264e-17f,1.9135106236677394e-18f,0f,-0.3892701063173909f,0.9211236531148502f,1.5f,-1.2246467991473532e-16f,0.9211236531148502f,0.3892701063173909f,-0.015625f,0f,0f,0f,1f], start_interpolation: 0, interpolation_duration: 1 }
$data merge entity $(bone_wheel4) { transformation: [-1f,-2.4320317931889e-17f,1.20025497134194e-16f,0.3125f,0f,0.9800825610923937f,0.1985904666457443f,1.5f,-1.2246467991473532e-16f,0.1985904666457443f,-0.9800825610923937f,-0.015624999999999962f,0f,0f,0f,1f], start_interpolation: 0, interpolation_duration: 1 }