# This file was generated by Animated Java via MC-Build. It is not recommended to edit this file directly.
$data merge entity $(bone_wheel2) { transformation: [-1f,-7.752166753774425e-17f,-9.480500455559307e-17f,-0.3125f,0f,-0.7741416106390839f,0.6330124538088685f,1.5f,-1.2246467991473532e-16f,0.6330124538088685f,0.7741416106390839f,-0.015625000000000038f,0f,0f,0f,1f], start_interpolation: 0, interpolation_duration: 1 }
$data merge entity $(bone_wheel3) { transformation: [-1f,7.478279712016566e-17f,-9.698005507063151e-17f,1.9135106236677394e-18f,0f,-0.7919022459222758f,-0.6106478796354374f,1.5f,-1.2246467991473532e-16f,-0.6106478796354374f,0.7919022459222758f,-0.015625f,0f,0f,0f,1f], start_interpolation: 0, interpolation_duration: 1 }
$data merge entity $(bone_wheel4) { transformation: [-1f,-1.0989961132567356e-16f,5.403400093537828e-17f,0.3125f,0f,0.44122110124322256f,0.8973984286913578f,1.5f,-1.2246467991473532e-16f,0.8973984286913578f,-0.44122110124322256f,-0.015624999999999962f,0f,0f,0f,1f], start_interpolation: 0, interpolation_duration: 1 }