# This file was generated by Animated Java via MC-Build. It is not recommended to edit this file directly.
$data merge entity $(bone_wheel2) { transformation: [-1f,-4.115418137566859e-17f,-1.15342668522612e-16f,-0.3125f,0f,-0.9418443636395251f,0.3360493932154294f,1.5f,-1.2246467991473532e-16f,0.3360493932154294f,0.9418443636395251f,-0.015625000000000038f,0f,0f,0f,1f], start_interpolation: 0, interpolation_duration: 1 }
$data merge entity $(bone_wheel3) { transformation: [-1f,1.0989961132567373e-16f,-5.403400093537795e-17f,1.9135106236677394e-18f,0f,-0.4412211012432199f,-0.8973984286913592f,1.5f,-1.2246467991473532e-16f,-0.8973984286913592f,0.4412211012432199f,-0.015625f,0f,0f,0f,1f], start_interpolation: 0, interpolation_duration: 1 }
$data merge entity $(bone_wheel4) { transformation: [-1f,-1.1928205764148064e-16f,2.7737854124518488e-17f,0.3125f,0f,0.2264967674257644f,0.9740119169423335f,1.5f,-1.2246467991473532e-16f,0.9740119169423335f,-0.2264967674257644f,-0.015624999999999962f,0f,0f,0f,1f], start_interpolation: 0, interpolation_duration: 1 }