# This file was generated by Animated Java via MC-Build. It is not recommended to edit this file directly.
$data merge entity $(bone_wheel2) { transformation: [-1f,1.1668571439963932e-17f,-1.2190751522022358e-16f,-0.3125f,0f,-0.9954504050073893f,-0.09528111654795526f,1.5f,-1.2246467991473532e-16f,-0.09528111654795526f,0.9954504050073893f,-0.015625000000000038f,0f,0f,0f,1f], start_interpolation: 0, interpolation_duration: 1 }
$data merge entity $(bone_wheel3) { transformation: [-1f,-1.7469651158013923e-17f,1.2121224820551708e-16f,1.9135106236677394e-18f,0f,0.9897731189916127f,0.142650527239176f,1.5f,-1.2246467991473532e-16f,0.142650527239176f,-0.9897731189916127f,-0.015625f,0f,0f,0f,1f], start_interpolation: 0, interpolation_duration: 1 }
$data merge entity $(bone_wheel4) { transformation: [-1f,5.275133981093878e-17f,-1.1052101146284107e-16f,0.3125f,0f,-0.9024725458784533f,-0.4307473783270925f,1.5f,-1.2246467991473532e-16f,-0.4307473783270925f,0.9024725458784533f,-0.015624999999999962f,0f,0f,0f,1f], start_interpolation: 0, interpolation_duration: 1 }