# This file was generated by Animated Java via MC-Build. It is not recommended to edit this file directly.
$data merge entity $(bone_wheel2) { transformation: [-1f,1.8397328686676034e-17f,-1.2107491946647324e-16f,-0.3125f,0f,-0.988651744737914f,-0.15022558912075687f,1.5f,-1.2246467991473532e-16f,-0.15022558912075687f,0.988651744737914f,-0.015625000000000038f,0f,0f,0f,1f], start_interpolation: 0, interpolation_duration: 1 }
$data merge entity $(bone_wheel3) { transformation: [-1f,-2.746524695390009e-17f,1.1934512154411616e-16f,1.9135106236677394e-18f,0f,0.9745268727865771f,0.2242707609493812f,1.5f,-1.2246467991473532e-16f,0.2242707609493812f,-0.9745268727865771f,-0.015625f,0f,0f,0f,1f], start_interpolation: 0, interpolation_duration: 1 }
$data merge entity $(bone_wheel4) { transformation: [-1f,7.924150122052315e-17f,-9.337227806440417e-17f,0.3125f,0f,-0.762442511011449f,-0.6470559615694432f,1.5f,-1.2246467991473532e-16f,-0.6470559615694432f,0.762442511011449f,-0.015624999999999962f,0f,0f,0f,1f], start_interpolation: 0, interpolation_duration: 1 }