# This file was generated by Animated Java via MC-Build. It is not recommended to edit this file directly.
$data merge entity $(bone_wheel2) { transformation: [-1f,-9.484926936022094e-17f,-7.746750240230309e-17f,-0.3125f,0f,-0.6325701619131245f,0.7745030601987339f,1.5f,-1.2246467991473532e-16f,0.7745030601987339f,0.6325701619131245f,-0.015625000000000038f,0f,0f,0f,1f], start_interpolation: 0, interpolation_duration: 1 }
$data merge entity $(bone_wheel3) { transformation: [-1f,1.1889899288369292e-16f,2.9336450328254e-17f,1.9135106236677394e-18f,0f,0.23955029604192146f,-0.9708839558187311f,1.5f,-1.2246467991473532e-16f,-0.9708839558187311f,-0.23955029604192146f,-0.015625f,0f,0f,0f,1f], start_interpolation: 0, interpolation_duration: 1 }
$data merge entity $(bone_wheel4) { transformation: [-1f,1.025676033433765e-16f,6.69140087800332e-17f,0.3125f,0f,0.5463943467342693f,-0.8375280400421417f,1.5f,-1.2246467991473532e-16f,-0.8375280400421417f,-0.5463943467342693f,-0.015624999999999962f,0f,0f,0f,1f], start_interpolation: 0, interpolation_duration: 1 }