# This file was generated by Animated Java via MC-Build. It is not recommended to edit this file directly.
$data merge entity $(bone_wheel2) { transformation: [-1f,-4.292807332135184e-17f,-1.1469428210479902e-16f,-0.3125f,0f,-0.9365498867481925f,0.3505343201912587f,1.5f,-1.2246467991473532e-16f,0.3505343201912587f,0.9365498867481925f,-0.015625000000000038f,0f,0f,0f,1f], start_interpolation: 0, interpolation_duration: 1 }
$data merge entity $(bone_wheel3) { transformation: [-1f,6.267044270760954e-17f,1.0521413135815361e-16f,1.9135106236677394e-18f,0f,0.8591385812742727f,-0.5117430001143444f,1.5f,-1.2246467991473532e-16f,-0.5117430001143444f,-0.8591385812742727f,-0.015625f,0f,0f,0f,1f], start_interpolation: 0, interpolation_duration: 1 }
$data merge entity $(bone_wheel4) { transformation: [-1f,-1.218463578254553e-16f,1.2290765284948014e-17f,0.3125f,0f,0.10036171485121526f,0.9949510169813001f,1.5f,-1.2246467991473532e-16f,0.9949510169813001f,-0.10036171485121526f,-0.015624999999999962f,0f,0f,0f,1f], start_interpolation: 0, interpolation_duration: 1 }