# This file was generated by Animated Java via MC-Build. It is not recommended to edit this file directly.
$data merge entity $(bone_wheel2) { transformation: [-1f,-1.0262012584314937e-16f,-6.68334317430638e-17f,-0.3125f,0f,-0.54573638529571f,0.8379569187997511f,1.5f,-1.2246467991473532e-16f,0.8379569187997511f,0.54573638529571f,-0.015625000000000038f,0f,0f,0f,1f], start_interpolation: 0, interpolation_duration: 1 }
$data merge entity $(bone_wheel3) { transformation: [-1f,-1.1739876211189308e-16f,-3.4858693050854824e-17f,1.9135106236677394e-18f,0f,-0.2846428298765391f,0.9586336419090848f,1.5f,-1.2246467991473532e-16f,0.9586336419090848f,0.2846428298765391f,-0.015625f,0f,0f,0f,1f], start_interpolation: 0, interpolation_duration: 1 }
$data merge entity $(bone_wheel4) { transformation: [-1f,-1.19214369973222e-16f,-2.802734055357948e-17f,0.3125f,0f,-0.22886060350701287f,0.9734592051865377f,1.5f,-1.2246467991473532e-16f,0.9734592051865377f,0.22886060350701287f,-0.015624999999999962f,0f,0f,0f,1f], start_interpolation: 0, interpolation_duration: 1 }