# This file was generated by Animated Java via MC-Build. It is not recommended to edit this file directly.
$data merge entity $(bone_wheel2) { transformation: [-1f,-1.1873591124077928e-16f,-2.9989685034030636e-17f,-0.3125f,0f,-0.24488436220884768f,0.9695522931464634f,1.5f,-1.2246467991473532e-16f,0.9695522931464634f,0.24488436220884768f,-0.015625000000000038f,0f,0f,0f,1f], start_interpolation: 0, interpolation_duration: 1 }
$data merge entity $(bone_wheel3) { transformation: [-1f,-1.215289125910066e-16f,-1.5110302150058395e-17f,1.9135106236677394e-18f,0f,-0.12338498055585312f,0.9923588799286435f,1.5f,-1.2246467991473532e-16f,0.9923588799286435f,0.12338498055585312f,-0.015625f,0f,0f,0f,1f], start_interpolation: 0, interpolation_duration: 1 }
$data merge entity $(bone_wheel4) { transformation: [-1f,-1.2186551378459125e-16f,-1.2099354389229981e-17f,0.3125f,0f,-0.09879872627482489f,0.9951074372581447f,1.5f,-1.2246467991473532e-16f,0.9951074372581447f,0.09879872627482489f,-0.015624999999999962f,0f,0f,0f,1f], start_interpolation: 0, interpolation_duration: 1 }