# This file was generated by Animated Java via MC-Build. It is not recommended to edit this file directly.
$data merge entity $(bone_wheel2) { transformation: [-1f,-1.2149900933518077e-16f,-1.5348894331131255e-17f,-0.3125f,0f,-0.12533323356430404f,0.992114701314478f,1.5f,-1.2246467991473532e-16f,0.992114701314478f,0.12533323356430404f,-0.015625000000000038f,0f,0f,0f,1f], start_interpolation: 0, interpolation_duration: 1 }
$data merge entity $(bone_wheel3) { transformation: [-1f,-1.2222302384331876e-16f,-7.689620875837256e-18f,1.9135106236677394e-18f,0f,-0.06279051952931303f,0.9980267284282716f,1.5f,-1.2246467991473532e-16f,0.9980267284282716f,0.06279051952931303f,-0.015625f,0f,0f,0f,1f], start_interpolation: 0, interpolation_duration: 1 }
$data merge entity $(bone_wheel4) { transformation: [-1f,-1.2231000170977282e-16f,-6.153154343419573e-18f,0.3125f,0f,-0.050244318179769376f,0.9987369566060175f,1.5f,-1.2246467991473532e-16f,0.9987369566060175f,0.050244318179769376f,-0.015624999999999962f,0f,0f,0f,1f], start_interpolation: 0, interpolation_duration: 1 }