# This file was generated by Animated Java via MC-Build. It is not recommended to edit this file directly.
$data merge entity $(bone_wheel2) { transformation: [-1f,-1.1833777224633147e-16f,3.152410960509374e-17f,-0.3125f,0f,0.2574138896785755f,0.9663012415393796f,1.5f,-1.2246467991473532e-16f,0.9663012415393796f,-0.2574138896785755f,-0.015625000000000038f,0f,0f,0f,1f], start_interpolation: 0, interpolation_duration: 1 }
$data merge entity $(bone_wheel3) { transformation: [-1f,-1.1647083184890926e-16f,-3.7843667304341506e-17f,1.9135106236677394e-18f,0f,-0.30901699437494745f,0.9510565162951536f,1.5f,-1.2246467991473532e-16f,0.9510565162951536f,0.30901699437494745f,-0.015625f,0f,0f,0f,1f], start_interpolation: 0, interpolation_duration: 1 }
$data merge entity $(bone_wheel4) { transformation: [-1f,-5.559780123493434e-17f,-1.0911682878666934e-16f,0.3125f,0f,-0.8910065241883678f,0.4539904997395469f,1.5f,-1.2246467991473532e-16f,0.4539904997395469f,0.8910065241883678f,-0.015624999999999962f,0f,0f,0f,1f], start_interpolation: 0, interpolation_duration: 1 }