# This file was generated by Animated Java via MC-Build. It is not recommended to edit this file directly.
$data merge entity $(bone_wheel2) { transformation: [-1f,-1.1819909631589653e-16f,-3.204015381866939e-17f,-0.3125f,0f,-0.2616277104629432f,0.9651688666331495f,1.5f,-1.2246467991473532e-16f,0.9651688666331495f,0.2616277104629432f,-0.015625000000000038f,0f,0f,0f,1f], start_interpolation: 0, interpolation_duration: 1 }
$data merge entity $(bone_wheel3) { transformation: [-1f,-9.907600726170915e-17f,-7.198293278059964e-17f,1.9135106236677394e-18f,0f,-0.5877852522924729f,0.8090169943749473f,1.5f,-1.2246467991473532e-16f,0.8090169943749473f,0.5877852522924729f,-0.015625f,0f,0f,0f,1f], start_interpolation: 0, interpolation_duration: 1 }
$data merge entity $(bone_wheel4) { transformation: [-1f,-1.915769668878474e-17f,-1.2095693648649962e-16f,0.3125f,0f,-0.9876883405951378f,0.15643446504023098f,1.5f,-1.2246467991473532e-16f,0.15643446504023098f,0.9876883405951378f,-0.015624999999999962f,0f,0f,0f,1f], start_interpolation: 0, interpolation_duration: 1 }