# This file was generated by Animated Java via MC-Build. It is not recommended to edit this file directly.
$data merge entity $(bone_wheel2) { transformation: [-1f,-8.95649969732484e-17f,8.352071086742846e-17f,-0.3125f,0f,0.6819983600624999f,0.7313537016191692f,1.5f,-1.2246467991473532e-16f,0.7313537016191692f,-0.6819983600624999f,-0.015625000000000038f,0f,0f,0f,1f], start_interpolation: 0, interpolation_duration: 1 }
$data merge entity $(bone_wheel3) { transformation: [-1f,-3.7843667304341536e-17f,-1.1647083184890919e-16f,1.9135106236677394e-18f,0f,-0.9510565162951532f,0.30901699437494773f,1.5f,-1.2246467991473532e-16f,0.30901699437494773f,0.9510565162951532f,-0.015625f,0f,0f,0f,1f], start_interpolation: 0, interpolation_duration: 1 }
$data merge entity $(bone_wheel4) { transformation: [-1f,5.559780123493438e-17f,-1.0911682878666934e-16f,0.3125f,0f,-0.8910065241883678f,-0.45399049973954725f,1.5f,-1.2246467991473532e-16f,-0.45399049973954725f,0.8910065241883678f,-0.015624999999999962f,0f,0f,0f,1f], start_interpolation: 0, interpolation_duration: 1 }