# This file was generated by Animated Java via MC-Build. It is not recommended to edit this file directly.
$data merge entity $(bone_wheel2) { transformation: [-1f,8.234118585777928e-17f,9.065057604975947e-17f,-0.3125f,0f,0.7402181274868307f,-0.6723668074346695f,1.5f,-1.2246467991473532e-16f,-0.6723668074346695f,-0.7402181274868307f,-0.015625000000000038f,0f,0f,0f,1f], start_interpolation: 0, interpolation_duration: 1 }
$data merge entity $(bone_wheel3) { transformation: [-1f,7.198293278059989e-17f,9.9076007261709e-17f,1.9135106236677394e-18f,0f,0.8090169943749461f,-0.5877852522924749f,1.5f,-1.2246467991473532e-16f,-0.5877852522924749f,-0.8090169943749461f,-0.015625f,0f,0f,0f,1f], start_interpolation: 0, interpolation_duration: 1 }
$data merge entity $(bone_wheel4) { transformation: [-1f,-1.9157696688784347e-17f,1.209569364864997e-16f,0.3125f,0f,0.9876883405951382f,0.15643446504022776f,1.5f,-1.2246467991473532e-16f,0.15643446504022776f,-0.9876883405951382f,-0.015624999999999962f,0f,0f,0f,1f], start_interpolation: 0, interpolation_duration: 1 }