# This file was generated by Animated Java via MC-Build. It is not recommended to edit this file directly.
$data merge entity $(bone_wheel2) { transformation: [-1f,-9.100899318238067e-17f,8.194486552889062e-17f,-0.3125f,0f,0.6691306063588606f,0.7431448254773921f,1.5f,-1.2246467991473532e-16f,0.7431448254773921f,-0.6691306063588606f,-0.015625000000000038f,0f,0f,0f,1f], start_interpolation: 0, interpolation_duration: 1 }
$data merge entity $(bone_wheel3) { transformation: [-1f,-3.7843667304341444e-17f,1.1647083184890926e-16f,1.9135106236677394e-18f,0f,0.9510565162951538f,0.30901699437494695f,1.5f,-1.2246467991473532e-16f,0.30901699437494695f,-0.9510565162951538f,-0.015625f,0f,0f,0f,1f], start_interpolation: 0, interpolation_duration: 1 }
$data merge entity $(bone_wheel4) { transformation: [-1f,-1.0911682878666938e-16f,5.559780123493428e-17f,0.3125f,0f,0.4539904997395464f,0.8910065241883681f,1.5f,-1.2246467991473532e-16f,0.8910065241883681f,-0.4539904997395464f,-0.015624999999999962f,0f,0f,0f,1f], start_interpolation: 0, interpolation_duration: 1 }