# This file was generated by Animated Java via MC-Build. It is not recommended to edit this file directly.
$data merge entity $(bone_wheel2) { transformation: [-1f,3.868965895355551e-17f,-1.1619254759525733e-16f,-0.3125f,0f,-0.9487841529178462f,-0.31592504043200664f,1.5f,-1.2246467991473532e-16f,-0.31592504043200664f,0.9487841529178462f,-0.015625000000000038f,0f,0f,0f,1f], start_interpolation: 0, interpolation_duration: 1 }
$data merge entity $(bone_wheel3) { transformation: [-1f,-1.1647083184890933e-16f,-3.784366730434126e-17f,1.9135106236677394e-18f,0f,-0.30901699437494545f,0.9510565162951543f,1.5f,-1.2246467991473532e-16f,0.9510565162951543f,0.30901699437494545f,-0.015625f,0f,0f,0f,1f], start_interpolation: 0, interpolation_duration: 1 }
$data merge entity $(bone_wheel4) { transformation: [-1f,-5.559780123493449e-17f,-1.0911682878666928e-16f,0.3125f,0f,-0.8910065241883673f,0.45399049973954814f,1.5f,-1.2246467991473532e-16f,0.45399049973954814f,0.8910065241883673f,-0.015624999999999962f,0f,0f,0f,1f], start_interpolation: 0, interpolation_duration: 1 }