# This file was generated by Animated Java via MC-Build. It is not recommended to edit this file directly.
$data merge entity $(bone_wheel2) { transformation: [-1f,9.172062261673516e-17f,-8.114755210982663e-17f,-0.3125f,0f,-0.6626200482157363f,-0.7489557207890032f,1.5f,-1.2246467991473532e-16f,-0.7489557207890032f,0.6626200482157363f,-0.015625000000000038f,0f,0f,0f,1f], start_interpolation: 0, interpolation_duration: 1 }
$data merge entity $(bone_wheel3) { transformation: [-1f,-9.907600726170907e-17f,-7.198293278059977e-17f,1.9135106236677394e-18f,0f,-0.587785252292474f,0.8090169943749467f,1.5f,-1.2246467991473532e-16f,0.8090169943749467f,0.587785252292474f,-0.015625f,0f,0f,0f,1f], start_interpolation: 0, interpolation_duration: 1 }
$data merge entity $(bone_wheel4) { transformation: [-1f,-1.915769668878448e-17f,-1.209569364864997e-16f,0.3125f,0f,-0.9876883405951382f,0.15643446504022884f,1.5f,-1.2246467991473532e-16f,0.15643446504022884f,0.9876883405951382f,-0.015624999999999962f,0f,0f,0f,1f], start_interpolation: 0, interpolation_duration: 1 }