# This file was generated by Animated Java via MC-Build. It is not recommended to edit this file directly.
$data merge entity $(bone_wheel2) { transformation: [-1f,1.200415492983125e-16f,-2.4240962618662312e-17f,-0.3125f,0f,-0.19794248133861791f,-0.9802136369595716f,1.5f,-1.2246467991473532e-16f,-0.9802136369595716f,0.19794248133861791f,-0.015625000000000038f,0f,0f,0f,1f], start_interpolation: 0, interpolation_duration: 1 }
$data merge entity $(bone_wheel3) { transformation: [-1f,-7.198293278059974e-17f,-9.907600726170914e-17f,1.9135106236677394e-18f,0f,-0.8090169943749472f,0.5877852522924737f,1.5f,-1.2246467991473532e-16f,0.5877852522924737f,0.8090169943749472f,-0.015625f,0f,0f,0f,1f], start_interpolation: 0, interpolation_duration: 1 }
$data merge entity $(bone_wheel4) { transformation: [-1f,1.9157696688784547e-17f,-1.209569364864997e-16f,0.3125f,0f,-0.9876883405951382f,-0.1564344650402294f,1.5f,-1.2246467991473532e-16f,-0.1564344650402294f,0.9876883405951382f,-0.015624999999999962f,0f,0f,0f,1f], start_interpolation: 0, interpolation_duration: 1 }