# This file was generated by Animated Java via MC-Build. It is not recommended to edit this file directly.
$data merge entity $(bone_wheel2) { transformation: [-1f,1.1602262657781224e-16f,3.919627467762868e-17f,-0.3125f,0f,0.3200618717569723f,-0.9473966425143291f,1.5f,-1.2246467991473532e-16f,-0.9473966425143291f,-0.3200618717569723f,-0.015625000000000038f,0f,0f,0f,1f], start_interpolation: 0, interpolation_duration: 1 }
$data merge entity $(bone_wheel3) { transformation: [-1f,-3.7843667304341364e-17f,-1.1647083184890926e-16f,1.9135106236677394e-18f,0f,-0.9510565162951536f,0.3090169943749463f,1.5f,-1.2246467991473532e-16f,0.3090169943749463f,0.9510565162951536f,-0.015625f,0f,0f,0f,1f], start_interpolation: 0, interpolation_duration: 1 }
$data merge entity $(bone_wheel4) { transformation: [-1f,5.559780123493455e-17f,-1.0911682878666923e-16f,0.3125f,0f,-0.8910065241883669f,-0.4539904997395486f,1.5f,-1.2246467991473532e-16f,-0.4539904997395486f,0.8910065241883669f,-0.015624999999999962f,0f,0f,0f,1f], start_interpolation: 0, interpolation_duration: 1 }