# This file was generated by Animated Java via MC-Build. It is not recommended to edit this file directly.
$data merge entity $(bone_wheel2) { transformation: [-1f,-1.2024851810474972e-16f,2.3192492755852137e-17f,-0.3125f,0f,0.18938107519653546f,0.9819036655178572f,1.5f,-1.2246467991473532e-16f,0.9819036655178572f,-0.18938107519653546f,-0.015625000000000038f,0f,0f,0f,1f], start_interpolation: 0, interpolation_duration: 1 }
$data merge entity $(bone_wheel3) { transformation: [-1f,1.1647083184890923e-16f,-3.7843667304341617e-17f,1.9135106236677394e-18f,0f,-0.30901699437494834f,-0.9510565162951535f,1.5f,-1.2246467991473532e-16f,-0.9510565162951535f,0.30901699437494834f,-0.015625f,0f,0f,0f,1f], start_interpolation: 0, interpolation_duration: 1 }
$data merge entity $(bone_wheel4) { transformation: [-1f,1.0911682878666913e-16f,5.559780123493475e-17f,0.3125f,0f,0.4539904997395502f,-0.8910065241883661f,1.5f,-1.2246467991473532e-16f,-0.8910065241883661f,-0.4539904997395502f,-0.015624999999999962f,0f,0f,0f,1f], start_interpolation: 0, interpolation_duration: 1 }