# This file was generated by Animated Java via MC-Build. It is not recommended to edit this file directly.
$data merge entity $(bone_wheel2) { transformation: [-1f,2.161650132868871e-17f,1.2054179647294699e-16f,-0.3125f,0f,0.9842984651319293f,-0.17651212858874052f,1.5f,-1.2246467991473532e-16f,-0.17651212858874052f,-0.9842984651319293f,-0.015625000000000038f,0f,0f,0f,1f], start_interpolation: 0, interpolation_duration: 1 }
$data merge entity $(bone_wheel3) { transformation: [-1f,-9.907600726170925e-17f,7.198293278059956e-17f,1.9135106236677394e-18f,0f,0.5877852522924722f,0.8090169943749481f,1.5f,-1.2246467991473532e-16f,0.8090169943749481f,-0.5877852522924722f,-0.015625f,0f,0f,0f,1f], start_interpolation: 0, interpolation_duration: 1 }
$data merge entity $(bone_wheel4) { transformation: [-1f,-1.2095693648649964e-16f,-1.915769668878452e-17f,0.3125f,0f,-0.15643446504022918f,0.987688340595138f,1.5f,-1.2246467991473532e-16f,0.987688340595138f,0.15643446504022918f,-0.015624999999999962f,0f,0f,0f,1f], start_interpolation: 0, interpolation_duration: 1 }