# This file was generated by Animated Java via MC-Build. It is not recommended to edit this file directly.
$data merge entity $(bone_wheel2) { transformation: [-1f,8.734798795470798e-17f,-8.583662870175392e-17f,-0.3125f,0f,-0.7009092642998513f,-0.713250449154181f,1.5f,-1.2246467991473532e-16f,-0.713250449154181f,0.7009092642998513f,-0.015625000000000038f,0f,0f,0f,1f], start_interpolation: 0, interpolation_duration: 1 }
$data merge entity $(bone_wheel3) { transformation: [-1f,3.7843667304341493e-17f,-1.1647083184890926e-16f,1.9135106236677394e-18f,0f,-0.9510565162951536f,-0.30901699437494734f,1.5f,-1.2246467991473532e-16f,-0.30901699437494734f,0.9510565162951536f,-0.015625f,0f,0f,0f,1f], start_interpolation: 0, interpolation_duration: 1 }
$data merge entity $(bone_wheel4) { transformation: [-1f,1.0911682878666934e-16f,-5.559780123493435e-17f,0.3125f,0f,-0.45399049973954697f,-0.8910065241883678f,1.5f,-1.2246467991473532e-16f,-0.8910065241883678f,0.45399049973954697f,-0.015624999999999962f,0f,0f,0f,1f], start_interpolation: 0, interpolation_duration: 1 }